      0        7.73205000        0.50000000       -1.00000000
       1        6.00000000        0.00000000       -2.00000000
       2        6.00000000        0.00000000        0.00000000
       3        9.00000000        0.00000000       -1.00000000
       4        6.00000000        0.50000000       -2.00000000
       5        6.00000000        0.50000000        0.00000000
       6        9.00000000        0.50000000       -1.00000000
       7        6.00000000        1.50000000       -2.00000000
       8        6.00000000        1.50000000        0.00000000
       9        7.73205000        1.50000000       -1.00000000
      10        4.00000000        1.50000000        0.00000000
      11        4.00000000        2.00000000        0.00000000
      12        4.00000000        1.50000000       -2.00000000
      13        4.00000000        2.00000000       -2.00000000
      14        1.50000000        1.50000000        0.00000000
      15        1.50000000        0.50000000        0.00000000
      16        0.00000000        0.50000000        0.00000000
      17        1.50000000        0.50000000       -2.00000000
      18        1.50000000        1.50000000       -2.00000000
      19        0.00000000        0.50000000       -2.00000000
      20        6.00000000        2.00000000       -2.00000000
      21        6.00000000        2.00000000        0.00000000
      22        0.00000000        0.00000000       -2.00000000
      23        0.00000000        0.00000000        0.00000000
      24        6.82869749        0.50000000       -0.47844894
      25        7.28037375        0.50000000       -0.73922447
      26        6.39425422        0.50000000       -0.22762289
      27        6.86602500        0.50000000       -1.50000000
      28        6.43301250        0.50000000       -1.75000000
      29        7.29903750        0.50000000       -1.25000000
      30        7.65345415        0.00000000       -0.55115138
      31        8.53125000        0.00000000       -0.84375000
      32        8.09235207        0.00000000       -0.69745069
      33        7.23448132        0.00000000       -0.41149377
      34        6.81831313        0.00000000       -0.27277104
      35        6.40214494        0.00000000       -0.13404831
      36        6.00000000        0.00000000       -1.00000000
      37        6.00000000        0.00000000       -0.50000000
      38        6.00000000        0.00000000       -1.50000000
      39        7.32858849        0.00000000       -1.55713717
      40        6.45187894        0.00000000       -1.84937369
      41        6.90375789        0.00000000       -1.69874737
      42        7.75150287        0.00000000       -1.41616571
      43        8.17441725        0.00000000       -1.27519425
      44        8.58857642        0.00000000       -1.13714119
      45        7.66123423        0.50000000       -0.55374474
      46        8.53125000        0.50000000       -0.84375000
      47        8.09624211        0.50000000       -0.69874737
      48        7.23891600        0.50000000       -0.41297200
      49        6.82575045        0.50000000       -0.27525015
      50        6.41287522        0.50000000       -0.13762507
      51        6.00000000        0.50000000       -1.00000000
      52        6.00000000        0.50000000       -0.50000000
      53        6.00000000        0.50000000       -1.50000000
      54        7.35498047        0.50000000       -1.54833984
      55        6.46435547        0.50000000       -1.84521484
      56        6.91992188        0.50000000       -1.69335938
      57        7.77534529        0.50000000       -1.40821824
      58        8.19571011        0.50000000       -1.26809663
      59        8.59785506        0.50000000       -1.13404832
      60        6.00000000        1.00000000       -2.00000000
      61        6.00000000        1.00000000        0.00000000
      62        7.73205000        1.00000000       -1.00000000
      63        6.86602500        1.50000000       -0.50000000
      64        7.29903750        1.50000000       -0.75000000
      65        6.43301250        1.50000000       -0.25000000
      66        6.00000000        1.50000000       -0.83061633
      67        6.00000000        1.50000000       -0.42319580
      68        6.00000000        1.50000000       -1.23803686
      69        6.00000000        1.50000000       -1.61901843
      70        6.86602500        1.50000000       -1.50000000
      71        6.43301250        1.50000000       -1.75000000
      72        7.29903750        1.50000000       -1.25000000
      73        2.40072720        1.50000000        0.00000000
      74        1.96875000        1.50000000        0.00000000
      75        2.83270440        1.50000000        0.00000000
      76        3.24517392        1.50000000        0.00000000
      77        3.61698202        1.50000000        0.00000000
      78        4.00000000        2.00000000       -1.00000000
      79        4.00000000        2.00000000       -0.50000000
      80        4.00000000        2.00000000       -1.50000000
      81        3.09523532        1.50000000       -2.00000000
      82        3.54761766        1.50000000       -2.00000000
      83        2.65058808        1.50000000       -2.00000000
      84        2.26773719        1.50000000       -2.00000000
      85        1.88386860        1.50000000       -2.00000000
      86        0.38545084        0.50000000        0.00000000
      87        0.76045084        0.50000000        0.00000000
      88        1.13545084        0.50000000        0.00000000
      89        1.50000000        1.00000000        0.00000000
      90        0.00000000        0.50000000       -1.00000000
      91        0.00000000        0.50000000       -1.50000000
      92        0.00000000        0.50000000       -0.50000000
      93        1.09846534        0.50000000       -2.00000000
      94        0.72909831        0.50000000       -2.00000000
      95        0.36454916        0.50000000       -2.00000000
      96        1.50000000        1.00000000       -2.00000000
      97        5.00000000        2.00000000        0.00000000
      98        5.50000000        2.00000000        0.00000000
      99        4.50000000        2.00000000        0.00000000
     100        5.00000000        2.00000000       -2.00000000
     101        4.50000000        2.00000000       -2.00000000
     102        5.50000000        2.00000000       -2.00000000
     103        6.00000000        2.00000000       -1.00000000
     104        6.00000000        2.00000000       -1.50000000
     105        6.00000000        2.00000000       -0.50000000
     106        3.22205734        0.00000000       -2.00000000
     107        4.61622450        0.00000000       -2.00000000
     108        5.54003906        0.00000000       -2.00000000
     109        5.08007813        0.00000000       -2.00000000
     110        4.15167947        0.00000000       -2.00000000
     111        3.68713445        0.00000000       -2.00000000
     112        1.82162285        0.00000000       -2.00000000
     113        2.75705988        0.00000000       -2.00000000
     114        2.29206242        0.00000000       -2.00000000
     115        1.36621714        0.00000000       -2.00000000
     116        0.91184445        0.00000000       -2.00000000
     117        0.45747175        0.00000000       -2.00000000
     118        0.00000000        0.00000000       -1.00000000
     119        0.00000000        0.00000000       -1.50000000
     120        0.00000000        0.00000000       -0.50000000
     121        2.77547256        0.00000000        0.00000000
     122        1.39123535        0.00000000        0.00000000
     123        0.46499634        0.00000000        0.00000000
     124        0.92999268        0.00000000        0.00000000
     125        1.85234123        0.00000000        0.00000000
     126        2.31344712        0.00000000        0.00000000
     127        4.16641499        0.00000000        0.00000000
     128        3.23749801        0.00000000        0.00000000
     129        3.70680942        0.00000000        0.00000000
     130        4.62573574        0.00000000        0.00000000
     131        5.08505649        0.00000000        0.00000000
     132        5.54252825        0.00000000        0.00000000
     133        1.50000000        1.50000000       -1.11627247
     134        1.50000000        1.50000000       -1.55813624
     135        1.50000000        1.50000000       -0.71877594
     136        1.50000000        1.50000000       -0.35938797
     137        1.50000000        0.50000000       -1.00000000
     138        1.50000000        0.50000000       -0.50000000
     139        1.50000000        0.50000000       -1.50000000
     140        4.00000000        1.50000000       -0.85739666
     141        4.00000000        1.50000000       -0.42869833
     142        4.00000000        1.50000000       -1.25602124
     143        4.00000000        1.50000000       -1.63459665
     144        1.50000000        0.99440301       -0.94865966
     145        1.50000000        1.09888060       -0.50536471
     146        1.50000000        0.76841016       -1.74699075
     147        1.50000000        1.07364063       -1.48796298
     148        1.50000000        0.76701091       -1.23415566
     149        0.65010884        0.50000000       -1.20392594
     150        0.29751845        0.50000000       -1.22498121
     151        1.07937464        0.50000000       -1.13502882
     152        1.12945945        0.50000000       -0.63930988
     153        0.42021175        0.50000000       -1.65175738
     154        0.39830572        0.50000000       -0.74203462
     155        0.91287648        0.50000000       -1.58178536
     156        0.76376465        0.50000000       -0.37057320
     157        0.80420266        0.50000000       -0.81817449
     158        2.18536467        1.50000000       -0.33991589
     159        1.85707569        1.50000000       -0.70833065
     160        2.79746179        1.50000000       -1.65092840
     161        2.73371064        1.50000000       -0.57294341
     162        3.22434880        1.50000000       -0.85015902
     163        3.25171348        1.50000000       -1.62630591
     164        2.93500063        1.50000000       -1.19512290
     165        3.59960570        1.50000000       -0.43272817
     166        1.91619648        1.50000000       -1.09516713
     167        2.29544035        1.50000000       -1.59158502
     168        2.35913636        1.50000000       -0.98231159
     169        3.11276005        1.50000000       -0.40061989
     170        3.57739284        1.50000000       -1.25697989
     171        1.89887636        1.50000000       -1.56122210
     172        3.59418100        1.50000000       -1.62947061
     173        3.60033683        1.50000000       -0.84931594
     174        2.59116604        1.50000000       -1.37311614
     175        2.50903454        1.50000000       -0.16995794
     176        6.00000000        1.10264138       -1.01462097
     177        6.00000000        0.90076420       -1.39170529
     178        6.00000000        0.78849052       -0.75548287
     179        6.00000000        0.97822638       -0.53865993
     180        6.00000000        1.17976629       -1.80950922
     181        7.02512790        1.15917436       -1.40814186
     182        7.33816276        0.90746246       -1.22741101
     183        6.93860123        0.77710666       -1.45809808
     184        6.67024171        1.09600315       -1.61303559
     185        6.30540088        1.12722893       -1.82367664
     186        7.34406024        0.90845180       -0.77599390
     187        7.01515286        1.14230790       -0.58609905
     188        7.00426795        0.80925458       -0.57981464
     189        6.55305542        0.99551318       -0.31930684
     190        6.78237837        1.50000000       -1.00534677
     191        6.41439672        1.50000000       -1.35343657
     192        6.41041618        1.50000000       -0.66558273
     193        6.32143826        1.50000000       -1.01860386
     194        7.80649225        0.00000000       -1.02463927
     195        6.60688411        0.00000000       -1.36746104
     196        7.35745090        0.00000000       -1.18432899
     197        7.08297843        0.00000000       -0.97163776
     198        6.67277516        0.00000000       -0.85478847
     199        6.97282494        0.00000000       -1.46060289
     200        6.37864665        0.00000000       -0.55232157
     201        6.41596599        0.50000000       -0.74418844
     202        6.42724913        0.50000000       -1.24973272
     203        6.85289148        0.50000000       -0.99359910
     204        4.33476420        2.00000000       -0.32016142
     205        4.33813454        2.00000000       -1.46355342
     206        5.64615841        2.00000000       -0.32455304
     207        4.74790655        2.00000000       -0.36872398
     208        4.42591444        2.00000000       -0.73208311
     209        5.30026127        2.00000000       -1.60568387
     210        5.61658271        2.00000000       -1.27859141
     211        5.67373803        2.00000000       -1.66849566
     212        5.17666223        2.00000000       -1.13144768
     213        4.89934824        2.00000000       -0.74114161
     214        4.67187550        2.00000000       -1.11587718
     215        4.83115559        2.00000000       -1.55276036
     216        5.54418019        2.00000000       -0.76162147
     217        5.18195735        2.00000000       -0.35684401
     218        5.18790060        2.00000000       -0.73991415
     219        4.35708625        2.00000000       -1.07187219
     220        4.37224830        1.68372960       -2.00000000
     221        2.50721749        1.01314069       -2.00000000
     222        5.22238682        0.98122521       -2.00000000
     223        4.77633453        1.65245051       -2.00000000
     224        3.41266779        0.34217612       -2.00000000
     225        3.64494231        1.06347535       -2.00000000
     226        2.90157096        0.71152503       -2.00000000
     227        5.05159860        1.30222025       -2.00000000
     228        5.05969360        0.64421994       -2.00000000
     229        4.53388522        1.23486874       -2.00000000
     230        4.39986574        0.31085761       -2.00000000
     231        2.51887423        0.43115825       -2.00000000
     232        3.09478031        1.13269492       -2.00000000
     233        3.02121396        0.36590826       -2.00000000
     234        5.19634841        1.64695107       -2.00000000
     235        5.55766016        0.66376009       -2.00000000
     236        5.21451124        0.32855726       -2.00000000
     237        4.89806874        0.96005032       -2.00000000
     238        2.06270482        0.69507502       -2.00000000
     239        4.83450541        0.33550020       -2.00000000
     240        5.68256788        1.33777567       -2.00000000
     241        4.09507236        0.90787551       -2.00000000
     242        4.63684851        0.73222872       -2.00000000
     243        3.81520225        0.47642496       -2.00000000
     244        2.04180234        0.32366341       -2.00000000
     245        3.31505360        0.71059013       -2.00000000
     246        2.05426686        1.12153160       -2.00000000
     247        1.82494536        1.17950980        0.00000000
     248        2.34048657        0.55515617        0.00000000
     249        4.40826974        1.59463737        0.00000000
     250        1.87216180        0.30064152        0.00000000
     251        4.93651289        1.36720025        0.00000000
     252        5.65633459        0.33128706        0.00000000
     253        4.81759401        1.73745046        0.00000000
     254        3.34990545        0.46422369        0.00000000
     255        2.81999997        0.83034188        0.00000000
     256        5.49677161        0.78649361        0.00000000
     257        4.75186498        0.38778374        0.00000000
     258        4.41755691        1.14673213        0.00000000
     259        4.00357080        0.97281537        0.00000000
     260        3.94185176        0.46672068        0.00000000
     261        3.63570261        0.83159807        0.00000000
     262        4.37744595        0.30769982        0.00000000
     263        1.89580146        0.77699365        0.00000000
     264        2.80613495        0.30828696        0.00000000
     265        5.21776931        0.38719991        0.00000000
     266        4.40192152        0.68681474        0.00000000
     267        3.62631131        1.22414903        0.00000000
     268        5.47068580        1.34903906        0.00000000
     269        4.91931053        0.83687851        0.00000000
     270        5.21277645        1.09592519        0.00000000
     271        3.25163294        1.05838545        0.00000000
     272        2.33094992        1.12203852        0.00000000
     273        5.14495854        1.69073795        0.00000000
     274        5.62562507        0.00000000       -1.64646219
     275        3.35512912        0.00000000       -0.91535924
     276        0.40545611        0.00000000       -0.22971765
     277        0.35864702        0.00000000       -1.67932374
     278        5.32371452        0.00000000       -0.41041733
     279        5.68540397        0.00000000       -1.29351811
     280        4.39915690        0.00000000       -0.35950468
     281        4.48324833        0.00000000       -1.29932150
     282        4.07069488        0.00000000       -1.60118744
     283        3.03591262        0.00000000       -0.51991131
     284        3.51162109        0.00000000       -0.44374193
     285        2.12921509        0.00000000       -0.63953184
     286        1.77631559        0.00000000       -0.95976251
     287        4.58935971        0.00000000       -0.69108105
     288        5.00804359        0.00000000       -0.67825089
     289        4.90247814        0.00000000       -0.98663276
     290        4.88745909        0.00000000       -0.34037963
     291        3.64914048        0.00000000       -1.26986207
     292        3.02779739        0.00000000       -1.60167138
     293        3.48642902        0.00000000       -1.64117189
     294        3.96092099        0.00000000       -0.40203988
     295        2.12977630        0.00000000       -1.64402873
     296        2.53643858        0.00000000       -1.53617621
     297        2.89615931        0.00000000       -1.10664754
     298        2.45975917        0.00000000       -1.07200648
     299        1.39817716        0.00000000       -1.55923372
     300        1.49144970        0.00000000       -1.16574436
     301        1.41808291        0.00000000       -0.86331463
     302        2.13975831        0.00000000       -1.21422590
     303        5.14025973        0.00000000       -1.70949321
     304        5.41429683        0.00000000       -0.94583887
     305        3.77583216        0.00000000       -0.82570938
     306        4.03692144        0.00000000       -1.15587273
     307        2.60166098        0.00000000       -0.55634953
     308        0.85866756        0.00000000       -1.63800214
     309        0.63229155        0.00000000       -0.64858825
     310        1.61735838        0.00000000       -0.50609307
     311        1.80704515        0.00000000       -1.43384960
     312        5.01253936        0.00000000       -1.32063695
     313        5.37562499        0.00000000       -1.38318987
     314        4.20757325        0.00000000       -0.78892154
     315        0.47709576        0.00000000       -1.25861657
     316        1.04406053        0.00000000       -1.11780623
     317        1.13696009        0.00000000       -0.57394943
     318        3.28293106        0.00000000       -1.30694242
     319        4.81355907        0.00000000       -1.58236292