       0         4        55        40
       1         1         4        40
       2        55        56        41
       3        41        40        55
       4        56        39        41
       5        54        42        39
       6        39        56        54
       7        57        43        42
       8        42        54        57
       9        58        59        43
      10        43        57        58
      11        59         6         3
      12        59         3        44
      13        44        43        59
      14        15        88       138
      15        92        86        16
      16        17       139        93
      17        95       153        19
      18        19       153        91
      19        91       150        90
      20       150        91       153
      21       154        90       150
      22       149       154       150
      23       137       151       139
      24       152       138        88
      25       137       152       151
      26       138       152       137
      27       153       149       150
      28        94       153        95
      29        92       154        86
      30        90       154        92
      31       155       149       153
      32       149       155       151
      33       155        93       139
      34        86       156        87
      35       156        86       154
      36       154       157       156
      37       157       152       156
      38       149       157       154
      39       157       151       152
      40       151       157       149
      41        94       155       153
      42       155        94        93
      43       139       151       155
      44        88       156       152
      45       156        88        87
      46        89        15       138
      47       144       138       137
      48       144       133       135
      49        89       136        14
      50        18       134        96
      51        89       145       136
      52       135       145       144
      53       145       138       144
      54       138       145        89
      55       145       135       136
      56       146        17        96
      57        17       146       139
      58       134       147        96
      59       147       139       146
      60       147       146        96
      61       148       137       139
      62       137       148       144
      63       133       147       134
      64       147       133       144
      65       148       147       144
      66       147       148       139
      67       132        37         2
      68        38       274         1
      69         1       274       108
      70       120       276        23
      71        23       276       123
      72       117       277        22
      73        22       277       119
      74        37       304        36
      75       131       278       132
      76        37       278       304
      77       132       278        37
      78        38       279       274
      79        36       279        38
      80       127       280       130
      81       110       282       111
      82       121       283       128
      83       275       284       283
      84       284       128       283
      85       128       284       129
      86       297       275       283
      87       127       294       280
      88       129       294       127
      89       288       304       278
      90       281       289       287
      91       289       288       287
      92       131       290       278
      93       288       290       287
      94       278       290       288
      95       130       290       131
      96       121       307       283
      97       126       307       121
      98       106       292       113
      99       111       293       106
     100       106       293       292
     101       293       111       282
     102       293       282       291
     103       294       129       284
     104       114       295       112
     105       113       296       114
     106       296       113       292
     107       114       296       295
     108       112       299       115
     109       119       315       118
     110       118       309       120
     111       120       309       276
     112       309       118       315
     113       286       301       300
     114       296       302       295
     115       109       303       107
     116       303       108       274
     117       108       303       109
     118       305       275       291
     119       275       305       284
     120       284       305       294
     121       282       306       291
     122       291       306       305
     123       281       306       282
     124       283       307       297
     125       307       298       297
     126       298       307       285
     127       292       297       296
     128       296       297       298
     129       115       308       116
     130       310       285       125
     131       286       310       301
     132       285       310       286
     133       299       311       300
     134       311       295       302
     135       286       311       302
     136       311       286       300
     137       112       311       299
     138       311       112       295
     139       281       312       289
     140       274       313       303
     141       313       274       279
     142       313       279       304
     143       303       313       312
     144       304       288       289
     145       304       289       312
     146       304       312       313
     147       281       314       306
     148       314       281       287
     149       280       314       287
     150       314       294       305
     151       314       305       306
     152       282       107       281
     153       107       282       110
     154       298       302       296
     155       299       308       115
     156       290       280       287
     157       280       290       130
     158       294       314       280
     159       304       279        36
     160       122       310       125
     161       277       315       119
     162       124       276       309
     163       276       124       123
     164       300       316       299
     165       316       308       299
     166       317       124       309
     167       124       317       122
     168       317       301       310
     169       285       126       125
     170       126       285       307
     171       122       317       310
     172       308       117       116
     173       117       308       277
     174       277       308       315
     175       316       317       309
     176       316       315       308
     177       315       316       309
     178       302       285       286
     179       285       302       298
     180       318       275       297
     181       275       318       291
     182       291       318       293
     183       318       292       293
     184       292       318       297
     185       319       303       312
     186       303       319       107
     187       319       281       107
     188       281       319       312
     189       301       316       300
     190       316       301       317
     191        11       204        79
     192        99       204        11
     193        13       205       101
     194        80       205        13
     195       105       206        21
     196        21       206        98
     197        97       207        99
     198       204       207       208
     199        99       207       204
     200        79       208        78
     201       208        79       204
     202       100       209       102
     203       104       210       103
     204       102       211        20
     205        20       211       104
     206       211       102       209
     207       104       211       210
     208       211       209       210
     209       209       212       210
     210       213       208       207
     211       212       214       213
     212       101       215       100
     213       100       215       209
     214       215       101       205
     215       215       205       214
     216       212       215       214
     217        80        78       205
     218       103       216       105
     219       216       103       210
     220       206       216       217
     221       105       216       206
     222       216       210       212
     223        98       217        97
     224        97       217       207
     225       217        98       206
     226       207       217       213
     227       209       215       212
     228       214       208       213
     229       218       213       217
     230       213       218       212
     231       219       205        78
     232       205       219       214
     233       218       216       212
     234       216       218       217
     235       219       208       214
     236       208       219        78
     237        52         5        26
     238         4        53        28
     239        29        25         0
     240       201        26        24
     241       201        52        26
     242        25        29       203
     243       203        24        25
     244        28        53       202
     245       202        27        28
     246        27       202       203
     247       203       201        24
     248       201        51        52
     249        51       202        53
     250       203        29        27
     251       202       201       203
     252       201       202        51
     253         3        31        44
     254        43        31        32
     255        31        43        44
     256        32       194        43
     257       194        32        30
     258       197        30        33
     259       195        40        41
     260        37        35         2
     261        38         1        40
     262        38        40       195
     263       195       197       198
     264        43       194        42
     265        42       196        39
     266       194       196        42
     267        36        38       195
     268       195       198        36
     269       198        33        34
     270        33       198       197
     271       196        30       197
     272        30       196       194
     273       199       197       195
     274       197       199       196
     275       199        39       196
     276       199        41        39
     277        41       199       195
     278       200        36       198
     279        36       200        37
     280       200        34        35
     281        34       200       198
     282        37       200        35
     283         6        46        31
     284         3         6        31
     285        47        32        31
     286        47        31        46
     287        47        30        32
     288        45        48        30
     289        30        47        45
     290        33        30        48
     291        49        34        48
     292        35         5         2
     293        50         5        35
     294        34        33        48
     295        34        50        35
     296        50        34        49
     297        22       119        19
     298        19       119        91
     299        90       119       118
     300        90        91       119
     301        90       118       120
     302       120        92        90
     303       120        23        16
     304        92       120        16
     305        67         8        65
     306        71         7        69
     307        72        64         9
     308        67        65       192
     309       192        66        67
     310        64        72       190
     311       190        63        64
     312        71        69       191
     313       191        69        68
     314        63       190       192
     315       192        65        63
     316       193       192       190
     317       193       191        68
     318       193        68        66
     319       192       193        66
     320       191        70        71
     321       190       191       193
     322       190        70       191
     323        70       190        72
     324        67       105        21
     325         8        67        21
     326        68       104       103
     327        66        68       103
     328        69       104        68
     329        69        20       104
     330        69         7        20
     331        66       105        67
     332       105        66       103
     333        14       136        74
     334       158        74       136
     335        74       158        73
     336        76       165        77
     337        77       165        10
     338        10       165       141
     339        12       143        82
     340       133       159       135
     341        81       160        83
     342        81       163       160
     343        82       163        81
     344       161       164       162
     345       164       160       163
     346       133       166       159
     347        83       167        84
     348        84       167        85
     349       167        83       160
     350       168       161       158
     351       169       161       162
     352       169       162       165
     353       161       169        75
     354       169        76        75
     355        76       169       165
     356       163       170       164
     357       170       143       142
     358       170       162       164
     359       136       159       158
     360       134       166       133
     361       136       135       159
     362       168       164       161
     363       141       165       140
     364       140       170       142
     365       167       168       166
     366        85       134        18
     367       134        85       171
     368       171        85       167
     369       159       168       158
     370       168       159       166
     371       171       166       134
     372       166       171       167
     373       172        82       143
     374        82       172       163
     375       173       165       162
     376       165       173       140
     377       174       167       160
     378       167       174       168
     379       172       170       163
     380       170       172       143
     381       174       164       168
     382       164       174       160
     383       175       161        75
     384       161       175       158
     385       175        73       158
     386        73       175        75
     387       173       170       140
     388       170       173       162
     389        28        55         4
     390        27        56        28
     391        26         5        50
     392        28        56        55
     393        56        27        54
     394        24        26        49
     395        49        26        50
     396        49        48        24
     397        48        25        24
     398        48        45        25
     399        25        45         0
     400        45        47         0
     401         6        59        46
     402        54         0        57
     403        29         0        54
     404        57         0        58
     405        58         0        47
     406        58        47        46
     407        46        59        58
     408        54        27        29
     409         2         5        52
     410        52        37         2
     411        51        36        37
     412        37        52        51
     413        51        38        36
     414        38         4         1
     415        53         4        38
     416        38        51        53
     417         8        67        61
     418        61        52         5
     419        67        66       176
     420        66        68       176
     421        60         4        53
     422       177        60        53
     423       176        68       177
     424        51       176       177
     425       177        53        51
     426       177        68        69
     427       178        51        52
     428        51       178       176
     429       179        52        61
     430        52       179       178
     431       178       179       176
     432       179        67       176
     433        67       179        61
     434       180       177        69
     435       177       180        60
     436       180         7        60
     437         7       180        69
     438        62         9        64
     439       186        25         0
     440         0        62       186
     441        62        64       186
     442       189        26        24
     443        63        65       189
     444       187       186        64
     445        64        63       187
     446       188        24        25
     447       188       187       189
     448       188       189        24
     449       186       187       188
     450        25       186       188
     451       189       187        63
     452        65        61       189
     453        61        65         8
     454        26        61         5
     455        61        26       189
     456        60        28         4
     457       182       181        72
     458       182        62         0
     459       182         0        29
     460       183        29        27
     461       183       182        29
     462       181       182       183
     463       181       183       184
     464        70       181       184
     465       181        70        72
     466       183        28       184
     467        28       183        27
     468       184        71        70
     469       185         7        71
     470         7       185        60
     471       185        28        60
     472        28       185       184
     473       184       185        71
     474        62        72         9
     475        72        62       182
     476        14       247        74
     477        89       247        14
     478        86        23       123
     479        23        86        16
     480       249        99        11
     481        10       249        11
     482        88       124       122
     483       122        15        88
     484       250        15       122
     485        98         8        21
     486       252       132         2
     487       252         2         5
     488       253        97        99
     489       253        99       249
     490       254       128       129
     491       256         5        61
     492         5       256       252
     493       257       130       131
     494        10       258       249
     495        10       259       258
     496       260       129       127
     497       129       260       254
     498       261       260       259
     499       261       254       260
     500       127       262       260
     501       262       127       130
     502        15       263        89
     503        89       263       247
     504       263        15       250
     505       264       254       255
     506       121       264       126
     507       264       121       128
     508       264       128       254
     509       248       264       255
     510       264       248       126
     511        61       268       256
     512       268        61         8
     513       265       131       132
     514       131       265       257
     515       265       132       252
     516       265       252       256
     517       266       260       262
     518       259       267       261
     519       267        77        76
     520        10       267       259
     521        77       267        10
     522       268         8        98
     523       269       257       265
     524       256       269       265
     525       269       251       258
     526       269       258       266
     527       257       269       266
     528       270       256       268
     529       251       270       268
     530       270       251       269
     531       256       270       269
     532       122       125       250
     533       259       266       258
     534       266       259       260
     535       251       249       258
     536       249       251       253
     537       262       257       266
     538       257       262       130
     539        88        87       124
     540       126       250       125
     541       123        87        86
     542        87       123       124
     543       271       255       254
     544       261       271       254
     545       272       255        75
     546        73       272        75
     547        74       272        73
     548       250       248       263
     549       248       250       126
     550       271        75       255
     551        75       271        76
     552       267       271       261
     553       271       267        76
     554       248       272       263
     555       272       248       255
     556       273        98        97
     557        98       273       268
     558       253       273        97
     559       247       272        74
     560       272       247       263
     561       251       273       253
     562       273       251       268
     563       220        13       101
     564        13       220        12
     565        85        96        18
     566         1       108         4
     567        17       112       115
     568        93       116        94
     569        95       117        22
     570        95        22        19
     571        94       116       117
     572        94       117        95
     573       101       223       220
     574       223       101       100
     575       224       111       106
     576        12       225        82
     577       232        82       225
     578       243       110       111
     579       243       111       224
     580       221       226       231
     581        60       240         7
     582       229       220       223
     583       229       223       227
     584       221        84        83
     585       230       107       110
     586       230       110       243
     587       231       113       114
     588        81       232        83
     589       221       232       226
     590       232       221        83
     591        82       232        81
     592       233       231       226
     593       106       233       224
     594       233       106       113
     595       233       113       231
     596       234       100       102
     597       234       102       240
     598       240       222       227
     599       235         4       108
     600        60       235       240
     601         4       235        60
     602       236       108       109
     603       236       228       235
     604       108       236       235
     605        12       220       229
     606       237       222       228
     607       238        17        96
     608       238       221       231
     609       239       107       230
     610       239       109       107
     611       243       241       230
     612       229       241        12
     613       241       225        12
     614       242       228       239
     615       228       242       237
     616       242       230       241
     617       230       242       239
     618       223       234       227
     619       234       223       100
     620       236       239       228
     621       239       236       109
     622       234       240       227
     623       227       237       229
     624       237       227       222
     625       222       235       228
     626       235       222       240
     627       244       114       112
     628       114       244       231
     629       233       245       224
     630       244       238       231
     631       246        85        84
     632       246       221       238
     633       221       246        84
     634       225       245       232
     635       243       225       241
     636         7       102        20
     637       102         7       240
     638        93       115       116
     639       115        93        17
     640       244        17       238
     641        17       244       112
     642       242       229       237
     643       229       242       241
     644       226       245       233
     645       245       226       232
     646       246        96        85
     647        96       246       238
     648       243       245       225
     649       245       243       224
     650        11       141        79
     651        10       141        11
     652        79       140        78
     653       140        79       141
     654        80       143        13
     655        13       143        12
     656        80       142       143
     657       142        78       140
     658        78       142        80