0.1	-2.5	-0.0261343
0.1	-2.4	-0.0360974
0.1	-2.3	-0.0511832
0.1	-2.2	-0.0679522
0.1	-2.1	-0.0845324
0.1	-2	-0.0998915
0.1	-1.9	-0.113456
0.1	-1.8	-0.124911
0.1	-1.7	-0.134091
0.1	-1.6	-0.140925
0.1	-1.5	-0.1454
0.1	-1.4	-0.14755
0.1	-1.3	-0.147437
0.1	-1.2	-0.14515
0.1	-1.1	-0.140796
0.1	-1	-0.134502
0.1	-0.9	-0.126405
0.1	-0.8	-0.116658
0.1	-0.7	-0.10542
0.1	-0.6	-0.0928613
0.1	-0.5	-0.0791582
0.1	-0.4	-0.064493
0.1	-0.3	-0.0490527
0.1	-0.2	-0.0330279
0.1	-0.1	-0.0166119
0.1	0.1	0.0166119
0.1	0.2	0.0330279
0.1	0.3	0.0490527
0.1	0.4	0.064493
0.1	0.5	0.0791582
0.1	0.6	0.0928613
0.1	0.7	0.10542
0.1	0.8	0.116658
0.1	0.9	0.126405
0.1	1	0.134502
0.1	1.1	0.140796
0.1	1.2	0.14515
0.1	1.3	0.147437
0.1	1.4	0.14755
0.1	1.5	0.1454
0.1	1.6	0.140925
0.1	1.7	0.134091
0.1	1.8	0.124911
0.1	1.9	0.113456
0.1	2	0.0998915
0.1	2.1	0.0845324
0.1	2.2	0.0679522
0.1	2.3	0.0511832
0.1	2.4	0.0360974
0.1	2.5	0.0261343
0.2	-2.5	-0.0413313
0.2	-2.4	-0.0672522
0.2	-2.3	-0.100659
0.2	-2.2	-0.135968
0.2	-2.1	-0.170113
0.2	-2	-0.201384
0.2	-1.9	-0.228824
0.2	-1.8	-0.251902
0.2	-1.7	-0.270341
0.2	-1.6	-0.284027
0.2	-1.5	-0.292957
0.2	-1.4	-0.297203
0.2	-1.3	-0.2969
0.2	-1.2	-0.292228
0.2	-1.1	-0.283407
0.2	-1	-0.270691
0.2	-0.9	-0.254359
0.2	-0.8	-0.234714
0.2	-0.7	-0.21208
0.2	-0.6	-0.186798
0.2	-0.5	-0.159221
0.2	-0.4	-0.129715
0.2	-0.3	-0.0986553
0.2	-0.2	-0.0664238
0.2	-0.1	-0.0334083
0.2	0.1	0.0334083
0.2	0.2	0.0664238
0.2	0.3	0.0986553
0.2	0.4	0.129715
0.2	0.5	0.159221
0.2	0.6	0.186798
0.2	0.7	0.21208
0.2	0.8	0.234714
0.2	0.9	0.254359
0.2	1	0.270691
0.2	1.1	0.283407
0.2	1.2	0.292228
0.2	1.3	0.2969
0.2	1.4	0.297203
0.2	1.5	0.292957
0.2	1.6	0.284027
0.2	1.7	0.270341
0.2	1.8	0.251902
0.2	1.9	0.228824
0.2	2	0.201384
0.2	2.1	0.170113
0.2	2.2	0.135968
0.2	2.3	0.100659
0.2	2.4	0.0672522
0.2	2.5	0.0413313
0.3	-2.5	-0.0390832
0.3	-2.4	-0.0906573
0.3	-2.3	-0.147666
0.3	-2.2	-0.204443
0.3	-2.1	-0.257808
0.3	-2	-0.305943
0.3	-1.9	-0.347804
0.3	-1.8	-0.382806
0.3	-1.7	-0.410651
0.3	-1.6	-0.431233
0.3	-1.5	-0.444581
0.3	-1.4	-0.450831
0.3	-1.3	-0.450196
0.3	-1.2	-0.44296
0.3	-1.1	-0.429461
0.3	-1	-0.410083
0.3	-0.9	-0.385252
0.3	-0.8	-0.355428
0.3	-0.7	-0.3211
0.3	-0.6	-0.282781
0.3	-0.5	-0.241006
0.3	-0.4	-0.196326
0.3	-0.3	-0.149305
0.3	-0.2	-0.100521
0.3	-0.1	-0.0505562
0.3	0.1	0.0505562
0.3	0.2	0.100521
0.3	0.3	0.149305
0.3	0.4	0.196326
0.3	0.5	0.241006
0.3	0.6	0.282781
0.3	0.7	0.3211
0.3	0.8	0.355428
0.3	0.9	0.385252
0.3	1	0.410083
0.3	1.1	0.429461
0.3	1.2	0.44296
0.3	1.3	0.450196
0.3	1.4	0.450831
0.3	1.5	0.444581
0.3	1.6	0.431233
0.3	1.7	0.410651
0.3	1.8	0.382806
0.3	1.9	0.347804
0.3	2	0.305943
0.3	2.1	0.257808
0.3	2.2	0.204443
0.3	2.3	0.147666
0.3	2.4	0.0906573
0.3	2.5	0.0390832
0.4	-2.5	-0.020182
0.4	-2.4	-0.107147
0.4	-2.3	-0.193183
0.4	-2.2	-0.274529
0.4	-2.1	-0.348931
0.4	-2	-0.415015
0.4	-1.9	-0.471948
0.4	-1.8	-0.519249
0.4	-1.7	-0.556689
0.4	-1.6	-0.584222
0.4	-1.5	-0.601944
0.4	-1.4	-0.61007
0.4	-1.3	-0.608912
0.4	-1.2	-0.598864
0.4	-1.1	-0.580391
0.4	-1	-0.554017
0.4	-0.9	-0.520319
0.4	-0.8	-0.479918
0.4	-0.7	-0.433472
0.4	-0.6	-0.381674
0.4	-0.5	-0.32524
0.4	-0.4	-0.264911
0.4	-0.3	-0.201446
0.4	-0.2	-0.135616
0.4	-0.1	-0.0682044
0.4	0.1	0.0682044
0.4	0.2	0.135616
0.4	0.3	0.201446
0.4	0.4	0.264911
0.4	0.5	0.32524
0.4	0.6	0.381674
0.4	0.7	0.433472
0.4	0.8	0.479918
0.4	0.9	0.520319
0.4	1	0.554017
0.4	1.1	0.580391
0.4	1.2	0.598864
0.4	1.3	0.608912
0.4	1.4	0.61007
0.4	1.5	0.601944
0.4	1.6	0.584222
0.4	1.7	0.556689
0.4	1.8	0.519249
0.4	1.9	0.471948
0.4	2	0.415015
0.4	2.1	0.348931
0.4	2.2	0.274529
0.4	2.3	0.193183
0.4	2.4	0.107147
0.4	2.5	0.020182
0.5	-2.5	0.00751147
0.5	-2.4	-0.121106
0.5	-2.3	-0.239908
0.5	-2.2	-0.348141
0.5	-2.1	-0.445064
0.5	-2	-0.530063
0.5	-1.9	-0.60269
0.5	-1.8	-0.662674
0.5	-1.7	-0.709911
0.5	-1.6	-0.744454
0.5	-1.5	-0.766493
0.5	-1.4	-0.776343
0.5	-1.3	-0.774428
0.5	-1.2	-0.761264
0.5	-1.1	-0.737452
0.5	-1	-0.703666
0.5	-0.9	-0.66064
0.5	-0.8	-0.609164
0.5	-0.7	-0.550071
0.5	-0.6	-0.484235
0.5	-0.5	-0.412564
0.5	-0.4	-0.335989
0.5	-0.3	-0.255468
0.5	-0.2	-0.171971
0.5	-0.1	-0.086484
0.5	0.1	0.086484
0.5	0.2	0.171971
0.5	0.3	0.255468
0.5	0.4	0.335989
0.5	0.5	0.412564
0.5	0.6	0.484235
0.5	0.7	0.550071
0.5	0.8	0.609164
0.5	0.9	0.66064
0.5	1	0.703666
0.5	1.1	0.737452
0.5	1.2	0.761264
0.5	1.3	0.774428
0.5	1.4	0.776343
0.5	1.5	0.766493
0.5	1.6	0.744454
0.5	1.7	0.709911
0.5	1.8	0.662674
0.5	1.9	0.60269
0.5	2	0.530063
0.5	2.1	0.445064
0.5	2.2	0.348141
0.5	2.3	0.239908
0.5	2.4	0.121106
0.5	2.5	-0.00751147
0.6	-2.5	0.0323167
0.6	-2.4	-0.138809
0.6	-2.3	-0.291421
0.6	-2.2	-0.427548
0.6	-2.1	-0.547864
0.6	-2	-0.652478
0.6	-1.9	-0.741322
0.6	-1.8	-0.81434
0.6	-1.7	-0.871572
0.6	-1.6	-0.913183
0.6	-1.5	-0.939474
0.6	-1.4	-0.950875
0.6	-1.3	-0.947933
0.6	-1.2	-0.931302
0.6	-1.1	-0.90173
0.6	-1	-0.860047
0.6	-0.9	-0.807155
0.6	-0.8	-0.744019
0.6	-0.7	-0.671655
0.6	-0.6	-0.591127
0.6	-0.5	-0.503535
0.6	-0.4	-0.410011
0.6	-0.3	-0.311711
0.6	-0.2	-0.209814
0.6	-0.1	-0.10551
0.6	0.1	0.10551
0.6	0.2	0.209814
0.6	0.3	0.311711
0.6	0.4	0.410011
0.6	0.5	0.503535
0.6	0.6	0.591127
0.6	0.7	0.671655
0.6	0.8	0.744019
0.6	0.9	0.807155
0.6	1	0.860047
0.6	1.1	0.90173
0.6	1.2	0.931302
0.6	1.3	0.947933
0.6	1.4	0.950875
0.6	1.5	0.939474
0.6	1.6	0.913183
0.6	1.7	0.871572
0.6	1.8	0.81434
0.6	1.9	0.741322
0.6	2	0.652478
0.6	2.1	0.547864
0.6	2.2	0.427548
0.6	2.3	0.291421
0.6	2.4	0.138809
0.6	2.5	-0.0323167
0.7	-2.5	0.0436341
0.7	-2.4	-0.165898
0.7	-2.3	-0.350896
0.7	-2.2	-0.514725
0.7	-2.1	-0.658748
0.7	-2	-0.783435
0.7	-1.9	-0.888926
0.7	-1.8	-0.975306
0.7	-1.7	-1.04273
0.7	-1.6	-1.09147
0.7	-1.5	-1.12194
0.7	-1.4	-1.1347
0.7	-1.3	-1.13044
0.7	-1.2	-1.10996
0.7	-1.1	-1.07415
0.7	-1	-1.02403
0.7	-0.9	-0.960668
0.7	-0.8	-0.885215
0.7	-0.7	-0.798879
0.7	-0.6	-0.702919
0.7	-0.5	-0.598635
0.7	-0.4	-0.487364
0.7	-0.3	-0.370471
0.7	-0.2	-0.249342
0.7	-0.1	-0.12538
0.7	0.1	0.12538
0.7	0.2	0.249342
0.7	0.3	0.370471
0.7	0.4	0.487364
0.7	0.5	0.598635
0.7	0.6	0.702919
0.7	0.7	0.798879
0.7	0.8	0.885215
0.7	0.9	0.960668
0.7	1	1.02403
0.7	1.1	1.07415
0.7	1.2	1.10996
0.7	1.3	1.13044
0.7	1.4	1.1347
0.7	1.5	1.12194
0.7	1.6	1.09147
0.7	1.7	1.04273
0.7	1.8	0.975306
0.7	1.9	0.888926
0.7	2	0.783435
0.7	2.1	0.658748
0.7	2.2	0.514725
0.7	2.3	0.350896
0.7	2.4	0.165898
0.7	2.5	-0.0436341
0.8	-2.5	0.0364461
0.8	-2.4	-0.205076
0.8	-2.3	-0.419922
0.8	-2.2	-0.610759
0.8	-2.1	-0.778595
0.8	-2	-0.923747
0.8	-1.9	-1.04631
0.8	-1.8	-1.1464
0.8	-1.7	-1.22423
0.8	-1.6	-1.28017
0.8	-1.5	-1.31476
0.8	-1.4	-1.3287
0.8	-1.3	-1.3228
0.8	-1.2	-1.29804
0.8	-1.1	-1.2555
0.8	-1	-1.19635
0.8	-0.9	-1.12186
0.8	-0.8	-1.03337
0.8	-0.7	-0.932293
0.8	-0.6	-0.820089
0.8	-0.5	-0.698268
0.8	-0.4	-0.568376
0.8	-0.3	-0.431993
0.8	-0.2	-0.290721
0.8	-0.1	-0.146179
0.8	0.1	0.146179
0.8	0.2	0.290721
0.8	0.3	0.431993
0.8	0.4	0.568376
0.8	0.5	0.698268
0.8	0.6	0.820089
0.8	0.7	0.932293
0.8	0.8	1.03337
0.8	0.9	1.12186
0.8	1	1.19635
0.8	1.1	1.2555
0.8	1.2	1.29804
0.8	1.3	1.3228
0.8	1.4	1.3287
0.8	1.5	1.31476
0.8	1.6	1.28017
0.8	1.7	1.22423
0.8	1.8	1.1464
0.8	1.9	1.04631
0.8	2	0.923747
0.8	2.1	0.778595
0.8	2.2	0.610759
0.8	2.3	0.419922
0.8	2.4	0.205076
0.8	2.5	-0.0364461
0.9	-2.5	0.013521
0.9	-2.4	-0.254984
0.9	-2.3	-0.497949
0.9	-2.2	-0.715572
0.9	-2.1	-0.907621
0.9	-2	-1.07382
0.9	-1.9	-1.21401
0.9	-1.8	-1.32823
0.9	-1.7	-1.41674
0.9	-1.6	-1.47999
0.9	-1.5	-1.51865
0.9	-1.4	-1.53355
0.9	-1.3	-1.5257
0.9	-1.2	-1.49623
0.9	-1.1	-1.44641
0.9	-1	-1.3776
0.9	-0.9	-1.29128
0.9	-0.8	-1.18899
0.9	-0.7	-1.07235
0.9	-0.6	-0.943034
0.9	-0.5	-0.802768
0.9	-0.4	-0.653318
0.9	-0.3	-0.496483
0.9	-0.2	-0.334087
0.9	-0.1	-0.167974
0.9	0.1	0.167974
0.9	0.2	0.334087
0.9	0.3	0.496483
0.9	0.4	0.653318
0.9	0.5	0.802768
0.9	0.6	0.943034
0.9	0.7	1.07235
0.9	0.8	1.18899
0.9	0.9	1.29128
0.9	1	1.3776
0.9	1.1	1.44641
0.9	1.2	1.49623
0.9	1.3	1.5257
0.9	1.4	1.53355
0.9	1.5	1.51865
0.9	1.6	1.47999
0.9	1.7	1.41674
0.9	1.8	1.32823
0.9	1.9	1.21401
0.9	2	1.07382
0.9	2.1	0.907621
0.9	2.2	0.715572
0.9	2.3	0.497949
0.9	2.4	0.254984
0.9	2.5	-0.013521
1	-2.5	-0.0156333
1	-2.4	-0.310769
1	-2.3	-0.58259
1	-2.2	-0.828098
1	-2.1	-1.04548
1	-2	-1.2337
1	-1.9	-1.39229
1	-1.8	-1.5212
1	-1.7	-1.62073
1	-1.6	-1.69144
1	-1.5	-1.73414
1	-1.4	-1.74983
1	-1.3	-1.73969
1	-1.2	-1.70505
1	-1.1	-1.64738
1	-1	-1.56827
1	-0.9	-1.46938
1	-0.8	-1.35248
1	-0.7	-1.21941
1	-0.6	-1.07207
1	-0.5	-0.912399
1	-0.4	-0.742402
1	-0.3	-0.564101
1	-0.2	-0.37955
1	-0.1	-0.190821
1	0.1	0.190821
1	0.2	0.37955
1	0.3	0.564101
1	0.4	0.742402
1	0.5	0.912399
1	0.6	1.07207
1	0.7	1.21941
1	0.8	1.35248
1	0.9	1.46938
1	1	1.56827
1	1.1	1.64738
1	1.2	1.70505
1	1.3	1.73969
1	1.4	1.74983
1	1.5	1.73414
1	1.6	1.69144
1	1.7	1.62073
1	1.8	1.5212
1	1.9	1.39229
1	2	1.2337
1	2.1	1.04548
1	2.2	0.828098
1	2.3	0.58259
1	2.4	0.310769
1	2.5	0.0156333
1.1	-2.5	-0.0386762
1.1	-2.4	-0.366129
1.1	-2.3	-0.670695
1.1	-2.2	-0.946845
1.1	-2.1	-1.19155
1.1	-2	-1.40324
1.1	-1.9	-1.58126
1.1	-1.8	-1.72557
1.1	-1.7	-1.83655
1.1	-1.6	-1.91492
1.1	-1.5	-1.96164
1.1	-1.4	-1.97793
1.1	-1.3	-1.96517
1.1	-1.2	-1.9249
1.1	-1.1	-1.85881
1.1	-1	-1.7687
1.1	-0.9	-1.65648
1.1	-0.8	-1.52414
1.1	-0.7	-1.37374
1.1	-0.6	-1.20742
1.1	-0.5	-1.02736
1.1	-0.4	-0.835787
1.1	-0.3	-0.634968
1.1	-0.2	-0.427188
1.1	-0.1	-0.214758
1.1	0.1	0.214758
1.1	0.2	0.427188
1.1	0.3	0.634968
1.1	0.4	0.835787
1.1	0.5	1.02736
1.1	0.6	1.20742
1.1	0.7	1.37374
1.1	0.8	1.52414
1.1	0.9	1.65648
1.1	1	1.7687
1.1	1.1	1.85881
1.1	1.2	1.9249
1.1	1.3	1.96517
1.1	1.4	1.97793
1.1	1.5	1.96164
1.1	1.6	1.91492
1.1	1.7	1.83655
1.1	1.8	1.72557
1.1	1.9	1.58126
1.1	2	1.40324
1.1	2.1	1.19155
1.1	2.2	0.946845
1.1	2.3	0.670695
1.1	2.4	0.366129
1.1	2.5	0.0386762
1.2	-2.5	-0.04561
1.2	-2.4	-0.415992
1.2	-2.3	-0.75974
1.2	-2.2	-1.07061
1.2	-2.1	-1.34533
1.2	-2	-1.58231
1.2	-1.9	-1.78101
1.2	-1.8	-1.94152
1.2	-1.7	-2.06444
1.2	-1.6	-2.15068
1.2	-1.5	-2.20144
1.2	-1.4	-2.21815
1.2	-1.3	-2.20243
1.2	-1.2	-2.15605
1.2	-1.1	-2.08095
1.2	-1	-1.97915
1.2	-0.9	-1.85281
1.2	-0.8	-1.70416
1.2	-0.7	-1.53552
1.2	-0.6	-1.34924
1.2	-0.5	-1.14778
1.2	-0.4	-0.93358
1.2	-0.3	-0.709163
1.2	-0.2	-0.477057
1.2	-0.1	-0.239814
1.2	0.1	0.239814
1.2	0.2	0.477057
1.2	0.3	0.709163
1.2	0.4	0.93358
1.2	0.5	1.14778
1.2	0.6	1.34924
1.2	0.7	1.53552
1.2	0.8	1.70416
1.2	0.9	1.85281
1.2	1	1.97915
1.2	1.1	2.08095
1.2	1.2	2.15605
1.2	1.3	2.20243
1.2	1.4	2.21815
1.2	1.5	2.20144
1.2	1.6	2.15068
1.2	1.7	2.06444
1.2	1.8	1.94152
1.2	1.9	1.78101
1.2	2	1.58231
1.2	2.1	1.34533
1.2	2.2	1.07061
1.2	2.3	0.75974
1.2	2.4	0.415992
1.2	2.5	0.04561
1.3	-2.5	-0.033074
1.3	-2.4	-0.458728
1.3	-2.3	-0.848967
1.3	-2.2	-1.19909
1.3	-2.1	-1.50674
1.3	-2	-1.77095
1.3	-1.9	-1.99161
1.3	-1.8	-2.16918
1.3	-1.7	-2.30453
1.3	-1.6	-2.39888
1.3	-1.5	-2.45369
1.3	-1.4	-2.47064
1.3	-1.3	-2.45162
1.3	-1.2	-2.39865
1.3	-1.1	-2.31393
1.3	-1	-2.19974
1.3	-0.9	-2.05849
1.3	-0.8	-1.89267
1.3	-0.7	-1.70484
1.3	-0.6	-1.49763
1.3	-0.5	-1.27372
1.3	-0.4	-1.03583
1.3	-0.3	-0.786725
1.3	-0.2	-0.52918
1.3	-0.1	-0.266001
1.3	0.1	0.266001
1.3	0.2	0.52918
1.3	0.3	0.786725
1.3	0.4	1.03583
1.3	0.5	1.27372
1.3	0.6	1.49763
1.3	0.7	1.70484
1.3	0.8	1.89267
1.3	0.9	2.05849
1.3	1	2.19974
1.3	1.1	2.31393
1.3	1.2	2.39865
1.3	1.3	2.45162
1.3	1.4	2.47064
1.3	1.5	2.45369
1.3	1.6	2.39888
1.3	1.7	2.30453
1.3	1.8	2.16918
1.3	1.9	1.99161
1.3	2	1.77095
1.3	2.1	1.50674
1.3	2.2	1.19909
1.3	2.3	0.848967
1.3	2.4	0.458728
1.3	2.5	0.033074
1.4	-2.5	-0.00593424
1.4	-2.4	-0.496941
1.4	-2.3	-0.939777
1.4	-2.2	-1.33303
1.4	-2.1	-1.67619
1.4	-2	-1.9694
1.4	-1.9	-2.21323
1.4	-1.8	-2.40865
1.4	-1.7	-2.55693
1.4	-1.6	-2.6596
1.4	-1.5	-2.71845
1.4	-1.4	-2.73546
1.4	-1.3	-2.71278
1.4	-1.2	-2.65274
1.4	-1.1	-2.55778
1.4	-1	-2.43049
1.4	-0.9	-2.27353
1.4	-0.8	-2.08965
1.4	-0.7	-1.8817
1.4	-0.6	-1.65257
1.4	-0.5	-1.40518
1.4	-0.4	-1.14254
1.4	-0.3	-0.867652
1.4	-0.2	-0.583558
1.4	-0.1	-0.293317
1.4	0.1	0.293317
1.4	0.2	0.583558
1.4	0.3	0.867652
1.4	0.4	1.14254
1.4	0.5	1.40518
1.4	0.6	1.65257
1.4	0.7	1.8817
1.4	0.8	2.08965
1.4	0.9	2.27353
1.4	1	2.43049
1.4	1.1	2.55778
1.4	1.2	2.65274
1.4	1.3	2.71278
1.4	1.4	2.73546
1.4	1.5	2.71845
1.4	1.6	2.6596
1.4	1.7	2.55693
1.4	1.8	2.40865
1.4	1.9	2.21323
1.4	2	1.9694
1.4	2.1	1.67619
1.4	2.2	1.33303
1.4	2.3	0.939777
1.4	2.4	0.496941
1.4	2.5	0.00593424
1.5	-2.5	0.0245667
1.5	-2.4	-0.536479
1.5	-2.3	-1.0352
1.5	-2.2	-1.474
1.5	-2.1	-1.85449
1.5	-2	-2.17805
1.5	-1.9	-2.44604
1.5	-1.8	-2.66
1.5	-1.7	-2.82161
1.5	-1.6	-2.93279
1.5	-1.5	-2.99566
1.5	-1.4	-3.01252
1.5	-1.3	-2.98583
1.5	-1.2	-2.91821
1.5	-1.1	-2.81242
1.5	-1	-2.6713
1.5	-0.9	-2.49783
1.5	-0.8	-2.29504
1.5	-0.7	-2.06603
1.5	-0.6	-1.81399
1.5	-0.5	-1.54211
1.5	-0.4	-1.25365
1.5	-0.3	-0.951903
1.5	-0.2	-0.640161
1.5	-0.1	-0.321749
1.5	0.1	0.321749
1.5	0.2	0.640161
1.5	0.3	0.951903
1.5	0.4	1.25365
1.5	0.5	1.54211
1.5	0.6	1.81399
1.5	0.7	2.06603
1.5	0.8	2.29504
1.5	0.9	2.49783
1.5	1	2.6713
1.5	1.1	2.81242
1.5	1.2	2.91821
1.5	1.3	2.98583
1.5	1.4	3.01252
1.5	1.5	2.99566
1.5	1.6	2.93279
1.5	1.7	2.82161
1.5	1.8	2.66
1.5	1.9	2.44604
1.5	2	2.17805
1.5	2.1	1.85449
1.5	2.2	1.474
1.5	2.3	1.0352
1.5	2.4	0.536479
1.5	2.5	-0.0245667
1.6	-2.5	0.0454092
1.6	-2.4	-0.584025
1.6	-2.3	-1.13864
1.6	-2.2	-1.6237
1.6	-2.1	-2.04245
1.6	-2	-2.39725
1.6	-1.9	-2.69016
1.6	-1.8	-2.92319
1.6	-1.7	-3.09847
1.6	-1.6	-3.2183
1.6	-1.5	-3.28514
1.6	-1.4	-3.30163
1.6	-1.3	-3.27056
1.6	-1.2	-3.19487
1.6	-1.1	-3.07762
1.6	-1	-2.92198
1.6	-0.9	-2.7312
1.6	-0.8	-2.50863
1.6	-0.7	-2.25765
1.6	-0.6	-1.98173
1.6	-0.5	-1.68436
1.6	-0.4	-1.36906
1.6	-0.3	-1.03939
1.6	-0.2	-0.698933
1.6	-0.1	-0.351268
1.6	0.1	0.351268
1.6	0.2	0.698933
1.6	0.3	1.03939
1.6	0.4	1.36906
1.6	0.5	1.68436
1.6	0.6	1.98173
1.6	0.7	2.25765
1.6	0.8	2.50863
1.6	0.9	2.7312
1.6	1	2.92198
1.6	1.1	3.07762
1.6	1.2	3.19487
1.6	1.3	3.27056
1.6	1.4	3.30163
1.6	1.5	3.28514
1.6	1.6	3.2183
1.6	1.7	3.09847
1.6	1.8	2.92319
1.6	1.9	2.69016
1.6	2	2.39725
1.6	2.1	2.04245
1.6	2.2	1.6237
1.6	2.3	1.13864
1.6	2.4	0.584025
1.6	2.5	-0.0454092
1.7	-2.5	0.0472881
1.7	-2.4	-0.64426
1.7	-2.3	-1.2524
1.7	-2.2	-1.78321
1.7	-2.1	-2.24051
1.7	-2	-2.62712
1.7	-1.9	-2.94549
1.7	-1.8	-3.19804
1.7	-1.7	-3.38727
1.7	-1.6	-3.51584
1.7	-1.5	-3.58658
1.7	-1.4	-3.60246
1.7	-1.3	-3.56663
1.7	-1.2	-3.48236
1.7	-1.1	-3.35305
1.7	-1	-3.18218
1.7	-0.9	-2.97332
1.7	-0.8	-2.73013
1.7	-0.7	-2.4563
1.7	-0.6	-2.15557
1.7	-0.5	-1.83173
1.7	-0.4	-1.48859
1.7	-0.3	-1.12999
1.7	-0.2	-0.759786
1.7	-0.1	-0.38183
1.7	0.1	0.38183
1.7	0.2	0.759786
1.7	0.3	1.12999
1.7	0.4	1.48859
1.7	0.5	1.83173
1.7	0.6	2.15557
1.7	0.7	2.4563
1.7	0.8	2.73013
1.7	0.9	2.97332
1.7	1	3.18218
1.7	1.1	3.35305
1.7	1.2	3.48236
1.7	1.3	3.56663
1.7	1.4	3.60246
1.7	1.5	3.58658
1.7	1.6	3.51584
1.7	1.7	3.38727
1.7	1.8	3.19804
1.7	1.9	2.94549
1.7	2	2.62712
1.7	2.1	2.24051
1.7	2.2	1.78321
1.7	2.3	1.2524
1.7	2.4	0.64426
1.7	2.5	-0.0472881
1.8	-2.5	0.0287086
1.8	-2.4	-0.717772
1.8	-2.3	-1.37664
1.8	-2.2	-1.95248
1.8	-2.1	-2.44849
1.8	-2	-2.86738
1.8	-1.9	-3.21172
1.8	-1.8	-3.48419
1.8	-1.7	-3.68761
1.8	-1.6	-3.82499
1.8	-1.5	-3.89951
1.8	-1.4	-3.91453
1.8	-1.3	-3.87356
1.8	-1.2	-3.78022
1.8	-1.1	-3.63824
1.8	-1	-3.45146
1.8	-0.9	-3.22377
1.8	-0.8	-2.95915
1.8	-0.7	-2.6616
1.8	-0.6	-2.33517
1.8	-0.5	-1.98394
1.8	-0.4	-1.61202
1.8	-0.3	-1.22353
1.8	-0.2	-0.822603
1.8	-0.1	-0.413376
1.8	0.1	0.413376
1.8	0.2	0.822603
1.8	0.3	1.22353
1.8	0.4	1.61202
1.8	0.5	1.98394
1.8	0.6	2.33517
1.8	0.7	2.6616
1.8	0.8	2.95915
1.8	0.9	3.22377
1.8	1	3.45146
1.8	1.1	3.63824
1.8	1.2	3.78022
1.8	1.3	3.87356
1.8	1.4	3.91453
1.8	1.5	3.89951
1.8	1.6	3.82499
1.8	1.7	3.68761
1.8	1.8	3.48419
1.8	1.9	3.21172
1.8	2	2.86738
1.8	2.1	2.44849
1.8	2.2	1.95248
1.8	2.3	1.37664
1.8	2.4	0.717772
1.8	2.5	-0.0287086
1.9	-2.5	-0.00308871
1.9	-2.4	-0.800624
1.9	-2.3	-1.50916
1.9	-2.2	-2.13018
1.9	-2.1	-2.66551
1.9	-2	-3.11736
1.9	-1.9	-3.48826
1.9	-1.8	-3.78107
1.9	-1.7	-3.99891
1.9	-1.6	-4.14514
1.9	-1.5	-4.22334
1.9	-1.4	-4.23725
1.9	-1.3	-4.19074
1.9	-1.2	-4.08782
1.9	-1.1	-3.93259
1.9	-1	-3.72923
1.9	-0.9	-3.48199
1.9	-0.8	-3.19517
1.9	-0.7	-2.87309
1.9	-0.6	-2.52012
1.9	-0.5	-2.14064
1.9	-0.4	-1.73906
1.9	-0.3	-1.31979
1.9	-0.2	-0.887235
1.9	-0.1	-0.445831
1.9	0.1	0.445831
1.9	0.2	0.887235
1.9	0.3	1.31979
1.9	0.4	1.73906
1.9	0.5	2.14064
1.9	0.6	2.52012
1.9	0.7	2.87309
1.9	0.8	3.19517
1.9	0.9	3.48199
1.9	1	3.72923
1.9	1.1	3.93259
1.9	1.2	4.08782
1.9	1.3	4.19074
1.9	1.4	4.23725
1.9	1.5	4.22334
1.9	1.6	4.14514
1.9	1.7	3.99891
1.9	1.8	3.78107
1.9	1.9	3.48826
1.9	2	3.11736
1.9	2.1	2.66551
1.9	2.2	2.13018
1.9	2.3	1.50916
1.9	2.4	0.800624
1.9	2.5	0.00308871
2	-2.5	-0.0348807
2	-2.4	-0.885838
2	-2.3	-1.64617
2	-2.2	-2.31416
2	-2.1	-2.89024
2	-2	-3.37612
2	-1.9	-3.77432
2	-1.8	-4.08794
2	-1.7	-4.32044
2	-1.6	-4.47558
2	-1.5	-4.55732
2	-1.4	-4.56983
2	-1.3	-4.51739
2	-1.2	-4.4044
2	-1.1	-4.23535
2	-1	-4.01478
2	-0.9	-3.7473
2	-0.8	-3.43755
2	-0.7	-3.09019
2	-0.6	-2.70991
2	-0.5	-2.30139
2	-0.4	-1.86935
2	-0.3	-1.41848
2	-0.2	-0.953497
2	-0.1	-0.479101
2	0.1	0.479101
2	0.2	0.953497
2	0.3	1.41848
2	0.4	1.86935
2	0.5	2.30139
2	0.6	2.70991
2	0.7	3.09019
2	0.8	3.43755
2	0.9	3.7473
2	1	4.01478
2	1.1	4.23535
2	1.2	4.4044
2	1.3	4.51739
2	1.4	4.56983
2	1.5	4.55732
2	1.6	4.47558
2	1.7	4.32044
2	1.8	4.08794
2	1.9	3.77432
2	2	3.37612
2	2.1	2.89024
2	2.2	2.31416
2	2.3	1.64617
2	2.4	0.885838
2	2.5	0.0348807
2.1	-2.5	-0.0528715
2.1	-2.4	-0.966217
2.1	-2.3	-1.78383
2.1	-2.2	-2.50223
2.1	-2.1	-3.12126
2.1	-2	-3.64259
2.1	-1.9	-4.069
2.1	-1.8	-4.40396
2.1	-1.7	-4.65135
2.1	-1.6	-4.8154
2.1	-1.5	-4.90054
2.1	-1.4	-4.91136
2.1	-1.3	-4.85259
2.1	-1.2	-4.72904
2.1	-1.1	-4.54561
2.1	-1	-4.30723
2.1	-0.9	-4.01888
2.1	-0.8	-3.68553
2.1	-0.7	-3.31221
2.1	-0.6	-2.90392
2.1	-0.5	-2.46566
2.1	-0.4	-2.00245
2.1	-0.3	-1.51929
2.1	-0.2	-1.02117
2.1	-0.1	-0.513075
2.1	0.1	0.513075
2.1	0.2	1.02117
2.1	0.3	1.51929
2.1	0.4	2.00245
2.1	0.5	2.46566
2.1	0.6	2.90392
2.1	0.7	3.31221
2.1	0.8	3.68553
2.1	0.9	4.01888
2.1	1	4.30723
2.1	1.1	4.54561
2.1	1.2	4.72904
2.1	1.3	4.85259
2.1	1.4	4.91136
2.1	1.5	4.90054
2.1	1.6	4.8154
2.1	1.7	4.65135
2.1	1.8	4.40396
2.1	1.9	4.069
2.1	2	3.64259
2.1	2.1	3.12126
2.1	2.2	2.50223
2.1	2.3	1.78383
2.1	2.4	0.966217
2.1	2.5	0.0528715
2.2	-2.5	-0.0485838
2.2	-2.4	-1.03739
2.2	-2.3	-1.91973
2.2	-2.2	-2.69292
2.2	-2.1	-3.35751
2.2	-2	-3.91586
2.2	-1.9	-4.37139
2.2	-1.8	-4.72817
2.2	-1.7	-4.99065
2.2	-1.6	-5.16358
2.2	-1.5	-5.25191
2.2	-1.4	-5.26073
2.2	-1.3	-5.19522
2.2	-1.2	-5.06064
2.2	-1.1	-4.8623
2.2	-1	-4.60555
2.2	-0.9	-4.29573
2.2	-0.8	-3.9382
2.2	-0.7	-3.53832
2.2	-0.6	-3.10142
2.2	-0.5	-2.63283
2.2	-0.4	-2.13786
2.2	-0.3	-1.62182
2.2	-0.2	-1.08998
2.2	-0.1	-0.547621
2.2	0.1	0.547621
2.2	0.2	1.08998
2.2	0.3	1.62182
2.2	0.4	2.13786
2.2	0.5	2.63283
2.2	0.6	3.10142
2.2	0.7	3.53832
2.2	0.8	3.9382
2.2	0.9	4.29573
2.2	1	4.60555
2.2	1.1	4.8623
2.2	1.2	5.06064
2.2	1.3	5.19522
2.2	1.4	5.26073
2.2	1.5	5.25191
2.2	1.6	5.16358
2.2	1.7	4.99065
2.2	1.8	4.72817
2.2	1.9	4.37139
2.2	2	3.91586
2.2	2.1	3.35751
2.2	2.2	2.69292
2.2	2.3	1.91973
2.2	2.4	1.03739
2.2	2.5	0.0485838
2.3	-2.5	-0.0227582
2.3	-2.4	-1.09976
2.3	-2.3	-2.05395
2.3	-2.2	-2.88597
2.3	-2.1	-3.59848
2.3	-2	-4.19521
2.3	-1.9	-4.68062
2.3	-1.8	-5.05957
2.3	-1.7	-5.33721
2.3	-1.6	-5.51892
2.3	-1.5	-5.61019
2.3	-1.4	-5.61665
2.3	-1.3	-5.54398
2.3	-1.2	-5.3979
2.3	-1.1	-5.18416
2.3	-1	-4.90852
2.3	-0.9	-4.57672
2.3	-0.8	-4.19449
2.3	-0.7	-3.76755
2.3	-0.6	-3.30155
2.3	-0.5	-2.80216
2.3	-0.4	-2.27498
2.3	-0.3	-1.72562
2.3	-0.2	-1.15964
2.3	-0.1	-0.582584
2.3	0.1	0.582584
2.3	0.2	1.15964
2.3	0.3	1.72562
2.3	0.4	2.27498
2.3	0.5	2.80216
2.3	0.6	3.30155
2.3	0.7	3.76755
2.3	0.8	4.19449
2.3	0.9	4.57672
2.3	1	4.90852
2.3	1.1	5.18416
2.3	1.2	5.3979
2.3	1.3	5.54398
2.3	1.4	5.61665
2.3	1.5	5.61019
2.3	1.6	5.51892
2.3	1.7	5.33721
2.3	1.8	5.05957
2.3	1.9	4.68062
2.3	2	4.19521
2.3	2.1	3.59848
2.3	2.2	2.88597
2.3	2.3	2.05395
2.3	2.4	1.09976
2.3	2.5	0.0227582
2.4	-2.5	0.0144883
2.4	-2.4	-1.15851
2.4	-2.3	-2.18892
2.4	-2.2	-3.08231
2.4	-2.1	-3.84419
2.4	-2	-4.48013
2.4	-1.9	-4.99582
2.4	-1.8	-5.39706
2.4	-1.7	-5.68978
2.4	-1.6	-5.88003
2.4	-1.5	-5.97392
2.4	-1.4	-5.97763
2.4	-1.3	-5.89735
2.4	-1.2	-5.73931
2.4	-1.1	-5.50971
2.4	-1	-5.21472
2.4	-0.9	-4.86051
2.4	-0.8	-4.45317
2.4	-0.7	-3.99877
2.4	-0.6	-3.50333
2.4	-0.5	-2.9728
2.4	-0.4	-2.41312
2.4	-0.3	-1.83016
2.4	-0.2	-1.22977
2.4	-0.1	-0.617785
2.4	0.1	0.617785
2.4	0.2	1.22977
2.4	0.3	1.83016
2.4	0.4	2.41312
2.4	0.5	2.9728
2.4	0.6	3.50333
2.4	0.7	3.99877
2.4	0.8	4.45317
2.4	0.9	4.86051
2.4	1	5.21472
2.4	1.1	5.50971
2.4	1.2	5.73931
2.4	1.3	5.89735
2.4	1.4	5.97763
2.4	1.5	5.97392
2.4	1.6	5.88003
2.4	1.7	5.68978
2.4	1.8	5.39706
2.4	1.9	4.99582
2.4	2	4.48013
2.4	2.1	3.84419
2.4	2.2	3.08231
2.4	2.3	2.18892
2.4	2.4	1.15851
2.4	2.5	-0.0144883
2.5	-2.5	0.0475046
2.5	-2.4	-1.22153
2.5	-2.3	-2.3284
2.5	-2.2	-3.28342
2.5	-2.1	-4.09487
2.5	-2	-4.7701
2.5	-1.9	-5.31601
2.5	-1.8	-5.73936
2.5	-1.7	-6.04689
2.5	-1.6	-6.24533
2.5	-1.5	-6.34142
2.5	-1.4	-6.34193
2.5	-1.3	-6.2536
2.5	-1.2	-6.08314
2.5	-1.1	-5.83725
2.5	-1	-5.52253
2.5	-0.9	-5.14555
2.5	-0.8	-4.71281
2.5	-0.7	-4.23071
2.5	-0.6	-3.70561
2.5	-0.5	-3.14379
2.5	-0.4	-2.55148
2.5	-0.3	-1.93484
2.5	-0.2	-1.29999
2.5	-0.1	-0.65302
2.5	0.1	0.65302
2.5	0.2	1.29999
2.5	0.3	1.93484
2.5	0.4	2.55148
2.5	0.5	3.14379
2.5	0.6	3.70561
2.5	0.7	4.23071
2.5	0.8	4.71281
2.5	0.9	5.14555
2.5	1	5.52253
2.5	1.1	5.83725
2.5	1.2	6.08314
2.5	1.3	6.2536
2.5	1.4	6.34193
2.5	1.5	6.34142
2.5	1.6	6.24533
2.5	1.7	6.04689
2.5	1.8	5.73936
2.5	1.9	5.31601
2.5	2	4.7701
2.5	2.1	4.09487
2.5	2.2	3.28342
2.5	2.3	2.3284
2.5	2.4	1.22153
2.5	2.5	-0.0475046
2.6	-2.5	0.0615363
2.6	-2.4	-1.29604
2.6	-2.3	-2.47563
2.6	-2.2	-3.4904
2.6	-2.1	-4.35043
2.6	-2	-5.06432
2.6	-1.9	-5.63996
2.6	-1.8	-6.08497
2.6	-1.7	-6.40682
2.6	-1.6	-6.61295
2.6	-1.5	-6.71073
2.6	-1.4	-6.70754
2.6	-1.3	-6.61068
2.6	-1.2	-6.42739
2.6	-1.1	-6.16483
2.6	-1	-5.83007
2.6	-0.9	-5.43009
2.6	-0.8	-4.97177
2.6	-0.7	-4.46187
2.6	-0.6	-3.90709
2.6	-0.5	-3.31401
2.6	-0.4	-2.68916
2.6	-0.3	-2.03896
2.6	-0.2	-1.36981
2.6	-0.1	-0.688055
2.6	0.1	0.688055
2.6	0.2	1.36981
2.6	0.3	2.03896
2.6	0.4	2.68916
2.6	0.5	3.31401
2.6	0.6	3.90709
2.6	0.7	4.46187
2.6	0.8	4.97177
2.6	0.9	5.43009
2.6	1	5.83007
2.6	1.1	6.16483
2.6	1.2	6.42739
2.6	1.3	6.61068
2.6	1.4	6.70754
2.6	1.5	6.71073
2.6	1.6	6.61295
2.6	1.7	6.40682
2.6	1.8	6.08497
2.6	1.9	5.63996
2.6	2	5.06432
2.6	2.1	4.35043
2.6	2.2	3.4904
2.6	2.3	2.47563
2.6	2.4	1.29604
2.6	2.5	-0.0615363
2.7	-2.5	0.0491663
2.7	-2.4	-1.38529
2.7	-2.3	-2.63169
2.7	-2.2	-3.70314
2.7	-2.1	-4.61004
2.7	-2	-5.36151
2.7	-1.9	-5.96607
2.7	-1.8	-6.43202
2.7	-1.7	-6.76753
2.7	-1.6	-6.9807
2.7	-1.5	-7.07959
2.7	-1.4	-7.07215
2.7	-1.3	-6.96628
2.7	-1.2	-6.76975
2.7	-1.1	-6.49022
2.7	-1	-6.13521
2.7	-0.9	-5.71211
2.7	-0.8	-5.22819
2.7	-0.7	-4.69058
2.7	-0.6	-4.10628
2.7	-0.5	-3.4822
2.7	-0.4	-2.82511
2.7	-0.3	-2.14174
2.7	-0.2	-1.43872
2.7	-0.1	-0.722622
2.7	0.1	0.722622
2.7	0.2	1.43872
2.7	0.3	2.14174
2.7	0.4	2.82511
2.7	0.5	3.4822
2.7	0.6	4.10628
2.7	0.7	4.69058
2.7	0.8	5.22819
2.7	0.9	5.71211
2.7	1	6.13521
2.7	1.1	6.49022
2.7	1.2	6.76975
2.7	1.3	6.96628
2.7	1.4	7.07215
2.7	1.5	7.07959
2.7	1.6	6.9807
2.7	1.7	6.76753
2.7	1.8	6.43202
2.7	1.9	5.96607
2.7	2	5.36151
2.7	2.1	4.61004
2.7	2.2	3.70314
2.7	2.3	2.63169
2.7	2.4	1.38529
2.7	2.5	-0.0491663
2.8	-2.5	0.0140226
2.8	-2.4	-1.48674
2.8	-2.3	-2.79456
2.8	-2.2	-3.91982
2.8	-2.1	-4.87187
2.8	-2	-5.65972
2.8	-1.9	-6.29223
2.8	-1.8	-6.77825
2.8	-1.7	-7.1266
2.8	-1.6	-7.34607
2.8	-1.5	-7.44537
2.8	-1.4	-7.4331
2.8	-1.3	-7.31773
2.8	-1.2	-7.1076
2.8	-1.1	-6.81085
2.8	-1	-6.43548
2.8	-0.9	-5.9893
2.8	-0.8	-5.47995
2.8	-0.7	-4.91491
2.8	-0.6	-4.3015
2.8	-0.5	-3.6469
2.8	-0.4	-2.95818
2.8	-0.3	-2.24229
2.8	-0.2	-1.50611
2.8	-0.1	-0.756421
2.8	0.1	0.756421
2.8	0.2	1.50611
2.8	0.3	2.24229
2.8	0.4	2.95818
2.8	0.5	3.6469
2.8	0.6	4.3015
2.8	0.7	4.91491
2.8	0.8	5.47995
2.8	0.9	5.9893
2.8	1	6.43548
2.8	1.1	6.81085
2.8	1.2	7.1076
2.8	1.3	7.31773
2.8	1.4	7.4331
2.8	1.5	7.44537
2.8	1.6	7.34607
2.8	1.7	7.1266
2.8	1.8	6.77825
2.8	1.9	6.29223
2.8	2	5.65972
2.8	2.1	4.87187
2.8	2.2	3.91982
2.8	2.3	2.79456
2.8	2.4	1.48674
2.8	2.5	-0.0140226
2.9	-2.5	-0.030006
2.9	-2.4	-1.59257
2.9	-2.3	-2.9595
2.9	-2.2	-4.13713
2.9	-2.1	-5.13323
2.9	-2	-5.95644
2.9	-1.9	-6.61589
2.9	-1.8	-7.12099
2.9	-1.7	-7.48124
2.9	-1.6	-7.70613
2.9	-1.5	-7.80507
2.9	-1.4	-7.78732
2.9	-1.3	-7.66198
2.9	-1.2	-7.43792
2.9	-1.1	-7.12382
2.9	-1	-6.72812
2.9	-0.9	-6.25906
2.9	-0.8	-5.72464
2.9	-0.7	-5.13269
2.9	-0.6	-4.49082
2.9	-0.5	-3.8065
2.9	-0.4	-3.08704
2.9	-0.3	-2.33961
2.9	-0.2	-1.5713
2.9	-0.1	-0.789112
2.9	0.1	0.789112
2.9	0.2	1.5713
2.9	0.3	2.33961
2.9	0.4	3.08704
2.9	0.5	3.8065
2.9	0.6	4.49082
2.9	0.7	5.13269
2.9	0.8	5.72464
2.9	0.9	6.25906
2.9	1	6.72812
2.9	1.1	7.12382
2.9	1.2	7.43792
2.9	1.3	7.66198
2.9	1.4	7.78732
2.9	1.5	7.80507
2.9	1.6	7.70613
2.9	1.7	7.48124
2.9	1.8	7.12099
2.9	1.9	6.61589
2.9	2	5.95644
2.9	2.1	5.13323
2.9	2.2	4.13713
2.9	2.3	2.9595
2.9	2.4	1.59257
2.9	2.5	0.030006
3	-2.5	-0.0640337
3	-2.4	-1.69253
3	-2.3	-3.12049
3	-2.2	-4.35104
3	-2.1	-5.39091
3	-2	-6.24871
3	-1.9	-6.9341
3	-1.8	-7.45717
3	-1.7	-7.82822
3	-1.6	-8.05753
3	-1.5	-8.15525
3	-1.4	-8.13135
3	-1.3	-7.99555
3	-1.2	-7.75731
3	-1.1	-7.42582
3	-1	-7.00998
3	-0.9	-6.51843
3	-0.8	-5.95955
3	-0.7	-5.34148
3	-0.6	-4.67211
3	-0.5	-3.95917
3	-0.4	-3.21019
3	-0.3	-2.43256
3	-0.2	-1.63354
3	-0.1	-0.820312
3	0.1	0.820312
3	0.2	1.63354
3	0.3	2.43256
3	0.4	3.21019
3	0.5	3.95917
3	0.6	4.67211
3	0.7	5.34148
3	0.8	5.95955
3	0.9	6.51843
3	1	7.00998
3	1.1	7.42582
3	1.2	7.75731
3	1.3	7.99555
3	1.4	8.13135
3	1.5	8.15525
3	1.6	8.05753
3	1.7	7.82822
3	1.8	7.45717
3	1.9	6.9341
3	2	6.24871
3	2.1	5.39091
3	2.2	4.35104
3	2.3	3.12049
3	2.4	1.69253
3	2.5	0.0640337
3.1	-2.5	-0.0720156
3.1	-2.4	-1.77801
3.1	-2.3	-3.2724
3.1	-2.2	-4.55792
3.1	-2.1	-5.64177
3.1	-2	-6.53346
3.1	-1.9	-7.2436
3.1	-1.8	-7.78333
3.1	-1.7	-8.16389
3.1	-1.6	-8.39645
3.1	-1.5	-8.49199
3.1	-1.4	-8.46121
3.1	-1.3	-8.3145
3.1	-1.2	-8.06189
3.1	-1.1	-7.7131
3.1	-1	-7.27748
3.1	-0.9	-6.76408
3.1	-0.8	-6.18161
3.1	-0.7	-5.5385
3.1	-0.6	-4.84294
3.1	-0.5	-4.10285
3.1	-0.4	-3.32597
3.1	-0.3	-2.51987
3.1	-0.2	-1.69197
3.1	-0.1	-0.849593
3.1	0.1	0.849593
3.1	0.2	1.69197
3.1	0.3	2.51987
3.1	0.4	3.32597
3.1	0.5	4.10285
3.1	0.6	4.84294
3.1	0.7	5.5385
3.1	0.8	6.18161
3.1	0.9	6.76408
3.1	1	7.27748
3.1	1.1	7.7131
3.1	1.2	8.06189
3.1	1.3	8.3145
3.1	1.4	8.46121
3.1	1.5	8.49199
3.1	1.6	8.39645
3.1	1.7	8.16389
3.1	1.8	7.78333
3.1	1.9	7.2436
3.1	2	6.53346
3.1	2.1	5.64177
3.1	2.2	4.55792
3.1	2.3	3.2724
3.1	2.4	1.77801
3.1	2.5	0.0720156
3.2	-2.5	-0.0480236
3.2	-2.4	-1.84574
3.2	-2.3	-3.41281
3.2	-2.2	-4.75537
3.2	-2.1	-5.88314
3.2	-2	-6.80758
3.2	-1.9	-7.54093
3.2	-1.8	-8.09564
3.2	-1.7	-8.48412
3.2	-1.6	-8.71857
3.2	-1.5	-8.81083
3.2	-1.4	-8.77239
3.2	-1.3	-8.61432
3.2	-1.2	-8.34726
3.2	-1.1	-7.98142
3.2	-1	-7.52661
3.2	-0.9	-6.99224
3.2	-0.8	-6.38736
3.2	-0.7	-5.72067
3.2	-0.6	-5.00058
3.2	-0.5	-4.23523
3.2	-0.4	-3.4325
3.2	-0.3	-2.60012
3.2	-0.2	-1.74564
3.2	-0.1	-0.876477
3.2	0.1	0.876477
3.2	0.2	1.74564
3.2	0.3	2.60012
3.2	0.4	3.4325
3.2	0.5	4.23523
3.2	0.6	5.00058
3.2	0.7	5.72067
3.2	0.8	6.38736
3.2	0.9	6.99224
3.2	1	7.52661
3.2	1.1	7.98142
3.2	1.2	8.34726
3.2	1.3	8.61432
3.2	1.4	8.77239
3.2	1.5	8.81083
3.2	1.6	8.71857
3.2	1.7	8.48412
3.2	1.8	8.09564
3.2	1.9	7.54093
3.2	2	6.80758
3.2	2.1	5.88314
3.2	2.2	4.75537
3.2	2.3	3.41281
3.2	2.4	1.84574
3.2	2.5	0.0480236
3.3	-2.5	0.000199969
3.3	-2.4	-1.89943
3.3	-2.3	-3.54273
3.3	-2.2	-4.94255
3.3	-2.1	-6.11287
3.3	-2	-7.06801
3.3	-1.9	-7.82228
3.3	-1.8	-8.38978
3.3	-1.7	-8.78423
3.3	-1.6	-9.01893
3.3	-1.5	-9.10667
3.3	-1.4	-9.05975
3.3	-1.3	-8.88993
3.3	-1.2	-8.60843
3.3	-1.1	-8.22599
3.3	-1	-7.75282
3.3	-0.9	-7.19869
3.3	-0.8	-6.57293
3.3	-0.7	-5.88451
3.3	-0.6	-5.14201
3.3	-0.5	-4.35373
3.3	-0.4	-3.5277
3.3	-0.3	-2.67174
3.3	-0.2	-1.79348
3.3	-0.1	-0.900428
3.3	0.1	0.900428
3.3	0.2	1.79348
3.3	0.3	2.67174
3.3	0.4	3.5277
3.3	0.5	4.35373
3.3	0.6	5.14201
3.3	0.7	5.88451
3.3	0.8	6.57293
3.3	0.9	7.19869
3.3	1	7.75282
3.3	1.1	8.22599
3.3	1.2	8.60843
3.3	1.3	8.88993
3.3	1.4	9.05975
3.3	1.5	9.10667
3.3	1.6	9.01893
3.3	1.7	8.78423
3.3	1.8	8.38978
3.3	1.9	7.82228
3.3	2	7.06801
3.3	2.1	6.11287
3.3	2.2	4.94255
3.3	2.3	3.54273
3.3	2.4	1.89943
3.3	2.5	-0.000199969
3.4	-2.5	0.0532781
3.4	-2.4	-1.94845
3.4	-2.3	-3.66578
3.4	-2.2	-5.11968
3.4	-2.1	-6.32904
3.4	-2	-7.31142
3.4	-1.9	-8.08341
3.4	-1.8	-8.66085
3.4	-1.7	-9.05886
3.4	-1.6	-9.29189
3.4	-1.5	-9.37371
3.4	-1.4	-9.31744
3.4	-1.3	-9.13553
3.4	-1.2	-8.83978
3.4	-1.1	-8.44139
3.4	-1	-7.95099
3.4	-0.9	-7.37866
3.4	-0.8	-6.73399
3.4	-0.7	-6.02612
3.4	-0.6	-5.26382
3.4	-0.5	-4.45549
3.4	-0.4	-3.60924
3.4	-0.3	-2.73296
3.4	-0.2	-1.83432
3.4	-0.1	-0.920856
3.4	0.1	0.920856
3.4	0.2	1.83432
3.4	0.3	2.73296
3.4	0.4	3.60924
3.4	0.5	4.45549
3.4	0.6	5.26382
3.4	0.7	6.02612
3.4	0.8	6.73399
3.4	0.9	7.37866
3.4	1	7.95099
3.4	1.1	8.44139
3.4	1.2	8.83978
3.4	1.3	9.13553
3.4	1.4	9.31744
3.4	1.5	9.37371
3.4	1.6	9.29189
3.4	1.7	9.05886
3.4	1.8	8.66085
3.4	1.9	8.08341
3.4	2	7.31142
3.4	2.1	6.32904
3.4	2.2	5.11968
3.4	2.3	3.66578
3.4	2.4	1.94845
3.4	2.5	-0.0532781
3.5	-2.5	0.0875111
3.5	-2.4	-2.00386
3.5	-2.3	-3.78601
3.5	-2.2	-5.28677
3.5	-2.1	-6.52924
3.5	-2	-7.53385
3.5	-1.9	-8.31931
3.5	-1.8	-8.90313
3.5	-1.7	-9.30181
3.5	-1.6	-9.53095
3.5	-1.5	-9.60531
3.5	-1.4	-9.53881
3.5	-1.3	-9.34456
3.5	-1.2	-9.03492
3.5	-1.1	-8.62155
3.5	-1	-8.11541
3.5	-0.9	-7.52685
3.5	-0.8	-6.86568
3.5	-0.7	-6.14119
3.5	-0.6	-5.36224
3.5	-0.5	-4.53731
3.5	-0.4	-3.67454
3.5	-0.3	-2.78183
3.5	-0.2	-1.86685
3.5	-0.1	-0.937103
3.5	0.1	0.937103
3.5	0.2	1.86685
3.5	0.3	2.78183
3.5	0.4	3.67454
3.5	0.5	4.53731
3.5	0.6	5.36224
3.5	0.7	6.14119
3.5	0.8	6.86568
3.5	0.9	7.52685
3.5	1	8.11541
3.5	1.1	8.62155
3.5	1.2	9.03492
3.5	1.3	9.34456
3.5	1.4	9.53881
3.5	1.5	9.60531
3.5	1.6	9.53095
3.5	1.7	9.30181
3.5	1.8	8.90313
3.5	1.9	8.31931
3.5	2	7.53385
3.5	2.1	6.52924
3.5	2.2	5.28677
3.5	2.3	3.78601
3.5	2.4	2.00386
3.5	2.5	-0.0875111
3.6	-2.5	0.0849022
3.6	-2.4	-2.0731
3.6	-2.3	-3.90512
3.6	-2.2	-5.44218
3.6	-2.1	-6.70976
3.6	-2	-7.73021
3.6	-1.9	-8.52391
3.6	-1.8	-9.10987
3.6	-1.7	-9.50587
3.6	-1.6	-9.72864
3.6	-1.5	-9.79387
3.6	-1.4	-9.71626
3.6	-1.3	-9.50958
3.6	-1.2	-9.18668
3.6	-1.1	-8.7596
3.6	-1	-8.23962
3.6	-0.9	-7.6373
3.6	-0.8	-6.96259
3.6	-0.7	-6.22488
3.6	-0.6	-5.43307
3.6	-0.5	-4.59565
3.6	-0.4	-3.72075
3.6	-0.3	-2.8162
3.6	-0.2	-1.88962
3.6	-0.1	-0.948445
3.6	0.1	0.948445
3.6	0.2	1.88962
3.6	0.3	2.8162
3.6	0.4	3.72075
3.6	0.5	4.59565
3.6	0.6	5.43307
3.6	0.7	6.22488
3.6	0.8	6.96259
3.6	0.9	7.6373
3.6	1	8.23962
3.6	1.1	8.7596
3.6	1.2	9.18668
3.6	1.3	9.50958
3.6	1.4	9.71626
3.6	1.5	9.79387
3.6	1.6	9.72864
3.6	1.7	9.50587
3.6	1.8	9.10987
3.6	1.9	8.52391
3.6	2	7.73021
3.6	2.1	6.70976
3.6	2.2	5.44218
3.6	2.3	3.90512
3.6	2.4	2.0731
3.6	2.5	-0.0849022
3.7	-2.5	0.0419155
3.7	-2.4	-2.15563
3.7	-2.3	-4.02019
3.7	-2.2	-5.58143
3.7	-2.1	-6.86491
3.7	-2	-7.89384
3.7	-1.9	-8.6898
3.7	-1.8	-9.27307
3.7	-1.7	-9.66264
3.7	-1.6	-9.87631
3.7	-1.5	-9.93068
3.7	-1.4	-9.84118
3.7	-1.3	-9.62217
3.7	-1.2	-9.28694
3.7	-1.1	-8.84787
3.7	-1	-8.31645
3.7	-0.9	-7.7034
3.7	-0.8	-7.01874
3.7	-0.7	-6.27187
3.7	-0.6	-5.47169
3.7	-0.5	-4.62662
3.7	-0.4	-3.74471
3.7	-0.3	-2.83369
3.7	-0.2	-1.90104
3.7	-0.1	-0.954085
3.7	0.1	0.954085
3.7	0.2	1.90104
3.7	0.3	2.83369
3.7	0.4	3.74471
3.7	0.5	4.62662
3.7	0.6	5.47169
3.7	0.7	6.27187
3.7	0.8	7.01874
3.7	0.9	7.7034
3.7	1	8.31645
3.7	1.1	8.84787
3.7	1.2	9.28694
3.7	1.3	9.62217
3.7	1.4	9.84118
3.7	1.5	9.93068
3.7	1.6	9.87631
3.7	1.7	9.66264
3.7	1.8	9.27307
3.7	1.9	8.6898
3.7	2	7.89384
3.7	2.1	6.86491
3.7	2.2	5.58143
3.7	2.3	4.02019
3.7	2.4	2.15563
3.7	2.5	-0.0419155
3.8	-2.5	-0.0269463
3.8	-2.4	-2.2413
3.8	-2.3	-4.12304
3.8	-2.2	-5.69686
3.8	-2.1	-6.98683
3.8	-2	-8.01637
3.8	-1.9	-8.80804
3.8	-1.8	-9.38331
3.8	-1.7	-9.76236
3.8	-1.6	-9.96403
3.8	-1.5	-10.0058
3.8	-1.4	-9.90377
3.8	-1.3	-9.67282
3.8	-1.2	-9.32661
3.8	-1.1	-8.87775
3.8	-1	-8.33789
3.8	-0.9	-7.71778
3.8	-0.8	-7.02746
3.8	-0.7	-6.27627
3.8	-0.6	-5.47299
3.8	-0.5	-4.62593
3.8	-0.4	-3.74297
3.8	-0.3	-2.83169
3.8	-0.2	-1.89937
3.8	-0.1	-0.95315
3.8	0.1	0.95315
3.8	0.2	1.89937
3.8	0.3	2.83169
3.8	0.4	3.74297
3.8	0.5	4.62593
3.8	0.6	5.47299
3.8	0.7	6.27627
3.8	0.8	7.02746
3.8	0.9	7.71778
3.8	1	8.33789
3.8	1.1	8.87775
3.8	1.2	9.32661
3.8	1.3	9.67282
3.8	1.4	9.90377
3.8	1.5	10.0058
3.8	1.6	9.96403
3.8	1.7	9.76236
3.8	1.8	9.38331
3.8	1.9	8.80804
3.8	2	8.01637
3.8	2.1	6.98683
3.8	2.2	5.69686
3.8	2.3	4.12304
3.8	2.4	2.2413
3.8	2.5	0.0269463
3.9	-2.5	-0.0929816
3.9	-2.4	-2.31281
3.9	-2.3	-4.20155
3.9	-2.2	-5.77832
3.9	-2.1	-7.06576
3.9	-2	-8.08776
3.9	-1.9	-8.86809
3.9	-1.8	-9.42958
3.9	-1.7	-9.79371
3.9	-1.6	-9.98037
3.9	-1.5	-10.0079
3.9	-1.4	-9.89291
3.9	-1.3	-9.6508
3.9	-1.2	-9.29546
3.9	-1.1	-8.83964
3.9	-1	-8.29501
3.9	-0.9	-7.6723
3.9	-0.8	-6.98142
3.9	-0.7	-6.23157
3.9	-0.6	-5.43136
3.9	-0.5	-4.58887
3.9	-0.4	-3.71176
3.9	-0.3	-2.80736
3.9	-0.2	-1.88272
3.9	-0.1	-0.944688
3.9	0.1	0.944688
3.9	0.2	1.88272
3.9	0.3	2.80736
3.9	0.4	3.71176
3.9	0.5	4.58887
3.9	0.6	5.43136
3.9	0.7	6.23157
3.9	0.8	6.98142
3.9	0.9	7.6723
3.9	1	8.29501
3.9	1.1	8.83964
3.9	1.2	9.29546
3.9	1.3	9.6508
3.9	1.4	9.89291
3.9	1.5	10.0079
3.9	1.6	9.98037
3.9	1.7	9.79371
3.9	1.8	9.42958
3.9	1.9	8.86809
3.9	2	8.08776
3.9	2.1	7.06576
3.9	2.2	5.77832
3.9	2.3	4.20155
3.9	2.4	2.31281
3.9	2.5	0.0929816
4	-2.5	-0.124007
4	-2.4	-2.35144
4	-2.3	-4.2427
4	-2.2	-5.81465
4	-2.1	-7.09066
4	-2	-8.09642
4	-1.9	-8.85771
4	-1.8	-9.39915
4	-1.7	-9.74366
4	-1.6	-9.91224
4	-1.5	-9.92394
4	-1.4	-9.79602
4	-1.3	-9.54405
4	-1.2	-9.18208
4	-1.1	-8.72286
4	-1	-8.17797
4	-0.9	-7.55797
4	-0.8	-6.87255
4	-0.7	-6.13068
4	-0.6	-5.34066
4	-0.5	-4.5103
4	-0.4	-3.64695
4	-0.3	-2.7576
4	-0.2	-1.849
4	-0.1	-0.927665
4	0.1	0.927665
4	0.2	1.849
4	0.3	2.7576
4	0.4	3.64695
4	0.5	4.5103
4	0.6	5.34066
4	0.7	6.13068
4	0.8	6.87255
4	0.9	7.55797
4	1	8.17797
4	1.1	8.72286
4	1.2	9.18208
4	1.3	9.54405
4	1.4	9.79602
4	1.5	9.92394
4	1.6	9.91224
4	1.7	9.74366
4	1.8	9.39915
4	1.9	8.85771
4	2	8.09642
4	2.1	7.09066
4	2.2	5.81465
4	2.3	4.2427
4	2.4	2.35144
4	2.5	0.124007
4.1	-2.5	-0.0984911
4.1	-2.4	-2.34435
4.1	-2.3	-4.23611
4.1	-2.2	-5.79524
4.1	-2.1	-7.04975
4.1	-2	-8.02932
4.1	-1.9	-8.76285
4.1	-1.8	-9.27729
4.1	-1.7	-9.5972
4.1	-1.6	-9.74464
4.1	-1.5	-9.73935
4.1	-1.4	-9.59892
4.1	-1.3	-9.33904
4.1	-1.2	-8.97373
4.1	-1.1	-8.51557
4.1	-1	-7.97587
4.1	-0.9	-7.3649
4.1	-0.8	-6.69203
4.1	-0.7	-5.96582
4.1	-0.6	-5.19423
4.1	-0.5	-4.38466
4.1	-0.4	-3.54407
4.1	-0.3	-2.67906
4.1	-0.2	-1.79598
4.1	-0.1	-0.900961
4.1	0.1	0.900961
4.1	0.2	1.79598
4.1	0.3	2.67906
4.1	0.4	3.54407
4.1	0.5	4.38466
4.1	0.6	5.19423
4.1	0.7	5.96582
4.1	0.8	6.69203
4.1	0.9	7.3649
4.1	1	7.97587
4.1	1.1	8.51557
4.1	1.2	8.97373
4.1	1.3	9.33904
4.1	1.4	9.59892
4.1	1.5	9.73935
4.1	1.6	9.74464
4.1	1.7	9.5972
4.1	1.8	9.27729
4.1	1.9	8.76285
4.1	2	8.02932
4.1	2.1	7.04975
4.1	2.2	5.79524
4.1	2.3	4.23611
4.1	2.4	2.34435
4.1	2.5	0.0984911
4.2	-2.5	-0.0177137
4.2	-2.4	-2.29028
4.2	-2.3	-4.17645
4.2	-2.2	-5.71081
4.2	-2.1	-6.93056
4.2	-2	-7.87168
4.2	-1.9	-8.56725
4.2	-1.8	-9.04695
4.2	-1.7	-9.337
4.2	-1.6	-9.46042
4.2	-1.5	-9.4374
4.2	-1.4	-9.28563
4.2	-1.3	-9.02068
4.2	-1.2	-8.6563
4.2	-1.1	-8.2047
4.2	-1	-7.67677
4.2	-0.9	-7.08232
4.2	-0.8	-6.43023
4.2	-0.7	-5.72859
4.2	-0.6	-4.98485
4.2	-0.5	-4.20593
4.2	-0.4	-3.39831
4.2	-0.3	-2.56814
4.2	-0.2	-1.72127
4.2	-0.1	-0.863373
4.2	0.1	0.863373
4.2	0.2	1.72127
4.2	0.3	2.56814
4.2	0.4	3.39831
4.2	0.5	4.20593
4.2	0.6	4.98485
4.2	0.7	5.72859
4.2	0.8	6.43023
4.2	0.9	7.08232
4.2	1	7.67677
4.2	1.1	8.2047
4.2	1.2	8.6563
4.2	1.3	9.02068
4.2	1.4	9.28563
4.2	1.5	9.4374
4.2	1.6	9.46042
4.2	1.7	9.337
4.2	1.8	9.04695
4.2	1.9	8.56725
4.2	2	7.87168
4.2	2.1	6.93056
4.2	2.2	5.71081
4.2	2.3	4.17645
4.2	2.4	2.29028
4.2	2.5	0.0177137
4.3	-2.5	0.0895997
4.3	-2.4	-2.20074
4.3	-2.3	-4.06316
4.3	-2.2	-5.55263
4.3	-2.1	-6.71904
4.3	-2	-7.60615
4.3	-1.9	-8.25175
4.3	-1.8	-8.68818
4.3	-1.7	-8.94305
4.3	-1.6	-9.03998
4.3	-1.5	-8.99922
4.3	-1.4	-8.83823
4.3	-1.3	-8.57215
4.3	-1.2	-8.21417
4.3	-1.1	-7.77591
4.3	-1	-7.26762
4.3	-0.9	-6.69849
4.3	-0.8	-6.07674
4.3	-0.7	-5.40986
4.3	-0.6	-4.70471
4.3	-0.5	-3.96762
4.3	-0.4	-3.2045
4.3	-0.3	-2.42094
4.3	-0.2	-1.62227
4.3	-0.1	-0.813612
4.3	0.1	0.813612
4.3	0.2	1.62227
4.3	0.3	2.42094
4.3	0.4	3.2045
4.3	0.5	3.96762
4.3	0.6	4.70471
4.3	0.7	5.40986
4.3	0.8	6.07674
4.3	0.9	6.69849
4.3	1	7.26762
4.3	1.1	7.77591
4.3	1.2	8.21417
4.3	1.3	8.57215
4.3	1.4	8.83823
4.3	1.5	8.99922
4.3	1.6	9.03998
4.3	1.7	8.94305
4.3	1.8	8.68818
4.3	1.9	8.25175
4.3	2	7.60615
4.3	2.1	6.71904
4.3	2.2	5.55263
4.3	2.3	4.06316
4.3	2.4	2.20074
4.3	2.5	-0.0895997
4.4	-2.5	0.173777
4.4	-2.4	-2.09491
4.4	-2.3	-3.89661
4.4	-2.2	-5.30966
4.4	-2.1	-6.39746
4.4	-2	-7.21139
4.4	-1.9	-7.7933
4.4	-1.8	-8.17744
4.4	-1.7	-8.39212
4.4	-1.6	-8.46088
4.4	-1.5	-8.40351
4.4	-1.4	-8.23673
4.4	-1.3	-7.97485
4.4	-1.2	-7.63021
4.4	-1.1	-7.21355
4.4	-1	-6.73426
4.4	-0.9	-6.20071
4.4	-0.8	-5.62034
4.4	-0.7	-4.99989
4.4	-0.6	-4.3455
4.4	-0.5	-3.66283
4.4	-0.4	-2.95713
4.4	-0.3	-2.23336
4.4	-0.2	-1.49624
4.4	-0.1	-0.750308
4.4	0.1	0.750308
4.4	0.2	1.49624
4.4	0.3	2.23336
4.4	0.4	2.95713
4.4	0.5	3.66283
4.4	0.6	4.3455
4.4	0.7	4.99989
4.4	0.8	5.62034
4.4	0.9	6.20071
4.4	1	6.73426
4.4	1.1	7.21355
4.4	1.2	7.63021
4.4	1.3	7.97485
4.4	1.4	8.23673
4.4	1.5	8.40351
4.4	1.6	8.46088
4.4	1.7	8.39212
4.4	1.8	8.17744
4.4	1.9	7.7933
4.4	2	7.21139
4.4	2.1	6.39746
4.4	2.2	5.30966
4.4	2.3	3.89661
4.4	2.4	2.09491
4.4	2.5	-0.173777
4.5	-2.5	0.182006
4.5	-2.4	-1.98836
4.5	-2.3	-3.6709
4.5	-2.2	-4.96399
4.5	-2.1	-5.94158
4.5	-2	-6.66019
4.5	-1.9	-7.16374
4.5	-1.8	-7.48687
4.5	-1.7	-7.65733
4.5	-1.6	-7.69765
4.5	-1.5	-7.62637
4.5	-1.4	-7.45893
4.5	-1.3	-7.20835
4.5	-1.2	-6.88573
4.5	-1.1	-6.50064
4.5	-1	-6.06141
4.5	-0.9	-5.57536
4.5	-0.8	-5.04902
4.5	-0.7	-4.48825
4.5	-0.6	-3.89834
4.5	-0.5	-3.2842
4.5	-0.4	-2.65034
4.5	-0.3	-2.00102
4.5	-0.2	-1.34028
4.5	-0.1	-0.67201
4.5	0.1	0.67201
4.5	0.2	1.34028
4.5	0.3	2.00102
4.5	0.4	2.65034
4.5	0.5	3.2842
4.5	0.6	3.89834
4.5	0.7	4.48825
4.5	0.8	5.04902
4.5	0.9	5.57536
4.5	1	6.06141
4.5	1.1	6.50064
4.5	1.2	6.88573
4.5	1.3	7.20835
4.5	1.4	7.45893
4.5	1.5	7.62637
4.5	1.6	7.69765
4.5	1.7	7.65733
4.5	1.8	7.48687
4.5	1.9	7.16374
4.5	2	6.66019
4.5	2.1	5.94158
4.5	2.2	4.96399
4.5	2.3	3.6709
4.5	2.4	1.98836
4.5	2.5	-0.182006
4.6	-2.5	0.0836701
4.6	-2.4	-1.87795
4.6	-2.3	-3.36486
4.6	-2.2	-4.48543
4.6	-2.1	-5.31732
4.6	-2	-5.9175
4.6	-1.9	-6.32869
4.6	-1.8	-6.58359
4.6	-1.7	-6.70775
4.6	-1.6	-6.72148
4.6	-1.5	-6.64121
4.6	-1.4	-6.48043
4.6	-1.3	-6.25036
4.6	-1.2	-5.9605
4.6	-1.1	-5.61895
4.6	-1	-5.23272
4.6	-0.9	-4.80794
4.6	-0.8	-4.35005
4.6	-0.7	-3.86389
4.6	-0.6	-3.35386
4.6	-0.5	-2.82398
4.6	-0.4	-2.27797
4.6	-0.3	-1.71932
4.6	-0.2	-1.15133
4.6	-0.1	-0.577193
4.6	0.1	0.577193
4.6	0.2	1.15133
4.6	0.3	1.71932
4.6	0.4	2.27797
4.6	0.5	2.82398
4.6	0.6	3.35386
4.6	0.7	3.86389
4.6	0.8	4.35005
4.6	0.9	4.80794
4.6	1	5.23272
4.6	1.1	5.61895
4.6	1.2	5.9605
4.6	1.3	6.25036
4.6	1.4	6.48043
4.6	1.5	6.64121
4.6	1.6	6.72148
4.6	1.7	6.70775
4.6	1.8	6.58359
4.6	1.9	6.32869
4.6	2	5.9175
4.6	2.1	5.31732
4.6	2.2	4.48543
4.6	2.3	3.36486
4.6	2.4	1.87795
4.6	2.5	-0.0836701
4.7	-2.5	-0.103585
4.7	-2.4	-1.72687
4.7	-2.3	-2.93349
4.7	-2.2	-3.82664
4.7	-2.1	-4.47807
4.7	-2	-4.93895
4.7	-1.9	-5.24668
4.7	-1.8	-5.42929
4.7	-1.7	-5.50822
4.7	-1.6	-5.50025
4.7	-1.5	-5.41878
4.7	-1.4	-5.27465
4.7	-1.3	-5.07684
4.7	-1.2	-4.83283
4.7	-1.1	-4.54901
4.7	-1	-4.23084
4.7	-0.9	-3.88309
4.7	-0.8	-3.50997
4.7	-0.7	-3.11521
4.7	-0.6	-2.70221
4.7	-0.5	-2.27404
4.7	-0.4	-1.83357
4.7	-0.3	-1.38344
4.7	-0.2	-0.926197
4.7	-0.1	-0.464263
4.7	0.1	0.464263
4.7	0.2	0.926197
4.7	0.3	1.38344
4.7	0.4	1.83357
4.7	0.5	2.27404
4.7	0.6	2.70221
4.7	0.7	3.11521
4.7	0.8	3.50997
4.7	0.9	3.88309
4.7	1	4.23084
4.7	1.1	4.54901
4.7	1.2	4.83283
4.7	1.3	5.07684
4.7	1.4	5.27465
4.7	1.5	5.41878
4.7	1.6	5.50025
4.7	1.7	5.50822
4.7	1.8	5.42929
4.7	1.9	5.24668
4.7	2	4.93895
4.7	2.1	4.47807
4.7	2.2	3.82664
4.7	2.3	2.93349
4.7	2.4	1.72687
4.7	2.5	0.103585
4.8	-2.5	-0.294957
4.8	-2.4	-1.45439
4.8	-2.3	-2.30241
4.8	-2.2	-2.92022
4.8	-2.1	-3.36321
4.8	-2	-3.67017
4.8	-1.9	-3.86899
4.8	-1.8	-3.98024
4.8	-1.7	-4.01946
4.8	-1.6	-3.99865
4.8	-1.5	-3.92731
4.8	-1.4	-3.81305
4.8	-1.3	-3.66213
4.8	-1.2	-3.47974
4.8	-1.1	-3.27029
4.8	-1	-3.03752
4.8	-0.9	-2.78471
4.8	-0.8	-2.51472
4.8	-0.7	-2.23009
4.8	-0.6	-1.93314
4.8	-0.5	-1.62593
4.8	-0.4	-1.31042
4.8	-0.3	-0.98839
4.8	-0.2	-0.66156
4.8	-0.1	-0.331566
4.8	0.1	0.331566
4.8	0.2	0.66156
4.8	0.3	0.98839
4.8	0.4	1.31042
4.8	0.5	1.62593
4.8	0.6	1.93314
4.8	0.7	2.23009
4.8	0.8	2.51472
4.8	0.9	2.78471
4.8	1	3.03752
4.8	1.1	3.27029
4.8	1.2	3.47974
4.8	1.3	3.66213
4.8	1.4	3.81305
4.8	1.5	3.92731
4.8	1.6	3.99865
4.8	1.7	4.01946
4.8	1.8	3.98024
4.8	1.9	3.86899
4.8	2	3.67017
4.8	2.1	3.36321
4.8	2.2	2.92022
4.8	2.3	2.30241
4.8	2.4	1.45439
4.8	2.5	0.294957
4.9	-2.5	-0.333222
4.9	-2.4	-0.933764
4.9	-2.3	-1.36745
4.9	-2.2	-1.67904
4.9	-2.1	-1.89875
4.9	-2	-2.04752
4.9	-1.9	-2.14027
4.9	-1.8	-2.18791
4.9	-1.7	-2.1986
4.9	-1.6	-2.17862
4.9	-1.5	-2.13289
4.9	-1.4	-2.06535
4.9	-1.3	-1.9792
4.9	-1.2	-1.87712
4.9	-1.1	-1.76134
4.9	-1	-1.63377
4.9	-0.9	-1.49609
4.9	-0.8	-1.34973
4.9	-0.7	-1.19599
4.9	-0.6	-1.03603
4.9	-0.5	-0.870906
4.9	-0.4	-0.701596
4.9	-0.3	-0.529006
4.9	-0.2	-0.353997
4.9	-0.1	-0.177394
4.9	0.1	0.177394
4.9	0.2	0.353997
4.9	0.3	0.529006
4.9	0.4	0.701596
4.9	0.5	0.870906
4.9	0.6	1.03603
4.9	0.7	1.19599
4.9	0.8	1.34973
4.9	0.9	1.49609
4.9	1	1.63377
4.9	1.1	1.76134
4.9	1.2	1.87712
4.9	1.3	1.9792
4.9	1.4	2.06535
4.9	1.5	2.13289
4.9	1.6	2.17862
4.9	1.7	2.1986
4.9	1.8	2.18791
4.9	1.9	2.14027
4.9	2	2.04752
4.9	2.1	1.89875
4.9	2.2	1.67904
4.9	2.3	1.36745
4.9	2.4	0.933764
4.9	2.5	0.333222
5	-2.5	6.1497e-006
5	-2.4	5.37174e-006
5	-2.3	4.73943e-006
5	-2.2	4.21334e-006
5	-2.1	3.76694e-006
5	-2	3.38191e-006
5	-1.9	3.04523e-006
5	-1.8	2.74742e-006
5	-1.7	2.4814e-006
5	-1.6	2.24172e-006
5	-1.5	2.02415e-006
5	-1.4	1.82529e-006
5	-1.3	1.64237e-006
5	-1.2	1.4731e-006
5	-1.1	1.31557e-006
5	-1	1.16812e-006
5	-0.9	1.02933e-006
5	-0.8	8.97968e-007
5	-0.7	7.72914e-007
5	-0.6	6.5318e-007
5	-0.5	5.37862e-007
5	-0.4	4.26125e-007
5	-0.3	3.17192e-007
5	-0.2	2.10328e-007
5	-0.1	1.04826e-007
5	0.1	-1.04826e-007
5	0.2	-2.10328e-007
5	0.3	-3.17192e-007
5	0.4	-4.26125e-007
5	0.5	-5.37862e-007
5	0.6	-6.5318e-007
5	0.7	-7.72914e-007
5	0.8	-8.97968e-007
5	0.9	-1.02933e-006
5	1	-1.16812e-006
5	1.1	-1.31557e-006
5	1.2	-1.4731e-006
5	1.3	-1.64237e-006
5	1.4	-1.82529e-006
5	1.5	-2.02415e-006
5	1.6	-2.24172e-006
5	1.7	-2.4814e-006
5	1.8	-2.74742e-006
5	1.9	-3.04523e-006
5	2	-3.38191e-006
5	2.1	-3.76694e-006
5	2.2	-4.21334e-006
5	2.3	-4.73943e-006
5	2.4	-5.37174e-006
5	2.5	-6.1497e-006
